{
 "cells": [
  {
   "cell_type": "code",
   "execution_count": null,
   "metadata": {},
   "outputs": [
    {
     "name": "stdout",
     "output_type": "stream",
     "text": [
      "Requirement already satisfied: numpy in /Users/xahiru/miniconda/envs/anaka/lib/python3.8/site-packages (1.19.1)\n",
      "Collecting pandas\n",
      "  Downloading pandas-1.1.1-cp38-cp38-macosx_10_9_x86_64.whl (10.6 MB)\n",
      "\u001b[K     |████████████████████████████████| 10.6 MB 40 kB/s eta 0:00:01    |████                            | 1.3 MB 32 kB/s eta 0:04:48\n",
      "\u001b[?25hRequirement already satisfied: python-dateutil>=2.7.3 in /Users/xahiru/miniconda/envs/anaka/lib/python3.8/site-packages (from pandas) (2.8.1)\n",
      "Collecting pytz>=2017.2\n",
      "  Using cached pytz-2020.1-py2.py3-none-any.whl (510 kB)\n",
      "Requirement already satisfied: numpy>=1.15.4 in /Users/xahiru/miniconda/envs/anaka/lib/python3.8/site-packages (from pandas) (1.19.1)\n",
      "Requirement already satisfied: six>=1.5 in /Users/xahiru/miniconda/envs/anaka/lib/python3.8/site-packages (from python-dateutil>=2.7.3->pandas) (1.15.0)\n",
      "Installing collected packages: pytz, pandas\n"
     ]
    }
   ],
   "source": [
    "!pip install numpy\n",
    "!pip install pandas"
   ]
  },
  {
   "cell_type": "code",
   "execution_count": null,
   "metadata": {},
   "outputs": [],
   "source": [
    "import random\n",
    "import numpy as np\n",
    "n_transactions = 20\n",
    "phi = 0.5\n",
    "x = tuple(range(0,100))\n",
    "interactions = [(random.randrange(-1, 1), random.randrange(-1, 1)) for i in range(n_transactions)]"
   ]
  },
  {
   "cell_type": "code",
   "execution_count": null,
   "metadata": {},
   "outputs": [],
   "source": [
    "# !pip install pandas\n",
    "import pandas as pd"
   ]
  },
  {
   "cell_type": "code",
   "execution_count": 1,
   "metadata": {},
   "outputs": [
    {
     "ename": "NameError",
     "evalue": "name 'n_transactions' is not defined",
     "output_type": "error",
     "traceback": [
      "\u001b[0;31m---------------------------------------------------------------------------\u001b[0m",
      "\u001b[0;31mNameError\u001b[0m                                 Traceback (most recent call last)",
      "\u001b[0;32m<ipython-input-1-a211a99f2f7a>\u001b[0m in \u001b[0;36m<module>\u001b[0;34m\u001b[0m\n\u001b[0;32m----> 1\u001b[0;31m \u001b[0minteractions2\u001b[0m \u001b[0;34m=\u001b[0m \u001b[0;34m[\u001b[0m\u001b[0;34m(\u001b[0m\u001b[0mrandom\u001b[0m\u001b[0;34m.\u001b[0m\u001b[0mrandrange\u001b[0m\u001b[0;34m(\u001b[0m\u001b[0;36m100\u001b[0m\u001b[0;34m,\u001b[0m \u001b[0;36m105\u001b[0m\u001b[0;34m)\u001b[0m\u001b[0;34m,\u001b[0m \u001b[0mrandom\u001b[0m\u001b[0;34m.\u001b[0m\u001b[0mrandrange\u001b[0m\u001b[0;34m(\u001b[0m\u001b[0;36m100\u001b[0m\u001b[0;34m,\u001b[0m \u001b[0;36m105\u001b[0m\u001b[0;34m)\u001b[0m\u001b[0;34m,\u001b[0m \u001b[0mrandom\u001b[0m\u001b[0;34m.\u001b[0m\u001b[0muniform\u001b[0m\u001b[0;34m(\u001b[0m\u001b[0;36m0\u001b[0m\u001b[0;34m,\u001b[0m \u001b[0;36m1\u001b[0m\u001b[0;34m)\u001b[0m\u001b[0;34m,\u001b[0m \u001b[0mrandom\u001b[0m\u001b[0;34m.\u001b[0m\u001b[0muniform\u001b[0m\u001b[0;34m(\u001b[0m\u001b[0;36m0\u001b[0m\u001b[0;34m,\u001b[0m \u001b[0;36m1\u001b[0m\u001b[0;34m)\u001b[0m\u001b[0;34m)\u001b[0m \u001b[0;32mfor\u001b[0m \u001b[0mi\u001b[0m \u001b[0;32min\u001b[0m \u001b[0mrange\u001b[0m\u001b[0;34m(\u001b[0m\u001b[0mn_transactions\u001b[0m\u001b[0;34m)\u001b[0m\u001b[0;34m]\u001b[0m\u001b[0;34m\u001b[0m\u001b[0;34m\u001b[0m\u001b[0m\n\u001b[0m\u001b[1;32m      2\u001b[0m \u001b[0;31m# interactions2 = [(random.randrange(100, 105), random.randrange(110, 115), random.randrange(-1, 1), random.randrange(-1, 1)) for i in range(n_transactions)]\u001b[0m\u001b[0;34m\u001b[0m\u001b[0;34m\u001b[0m\u001b[0;34m\u001b[0m\u001b[0m\n\u001b[1;32m      3\u001b[0m \u001b[0;34m\u001b[0m\u001b[0m\n\u001b[1;32m      4\u001b[0m \u001b[0minteractions2\u001b[0m\u001b[0;34m[\u001b[0m\u001b[0;34m:\u001b[0m\u001b[0;36m5\u001b[0m\u001b[0;34m]\u001b[0m\u001b[0;34m\u001b[0m\u001b[0;34m\u001b[0m\u001b[0m\n\u001b[1;32m      5\u001b[0m \u001b[0mdt\u001b[0m \u001b[0;34m=\u001b[0m \u001b[0mpd\u001b[0m\u001b[0;34m.\u001b[0m\u001b[0mDataFrame\u001b[0m\u001b[0;34m(\u001b[0m\u001b[0minteractions2\u001b[0m\u001b[0;34m,\u001b[0m \u001b[0mcolumns\u001b[0m\u001b[0;34m=\u001b[0m\u001b[0;34m[\u001b[0m\u001b[0;34m'userID1'\u001b[0m\u001b[0;34m,\u001b[0m \u001b[0;34m'userID2'\u001b[0m\u001b[0;34m,\u001b[0m \u001b[0;34m'rating1'\u001b[0m\u001b[0;34m,\u001b[0m \u001b[0;34m'rating2'\u001b[0m\u001b[0;34m]\u001b[0m\u001b[0;34m)\u001b[0m\u001b[0;34m\u001b[0m\u001b[0;34m\u001b[0m\u001b[0m\n",
      "\u001b[0;31mNameError\u001b[0m: name 'n_transactions' is not defined"
     ]
    }
   ],
   "source": [
    "interactions2 = [(random.randrange(100, 105), random.randrange(100, 105), random.uniform(0, 1), random.uniform(0, 1)) for i in range(n_transactions)]\n",
    "# interactions2 = [(random.randrange(100, 105), random.randrange(110, 115), random.randrange(-1, 1), random.randrange(-1, 1)) for i in range(n_transactions)]\n",
    "\n",
    "interactions2[:5]\n",
    "dt = pd.DataFrame(interactions2, columns=['userID1', 'userID2', 'rating1', 'rating2'])"
   ]
  },
  {
   "cell_type": "code",
   "execution_count": null,
   "metadata": {},
   "outputs": [],
   "source": [
    "dt.head(20)"
   ]
  },
  {
   "cell_type": "code",
   "execution_count": 10,
   "metadata": {},
   "outputs": [
    {
     "name": "stdout",
     "output_type": "stream",
     "text": [
      "0     False\n",
      "1      True\n",
      "2      True\n",
      "3     False\n",
      "4      True\n",
      "5      True\n",
      "6     False\n",
      "7      True\n",
      "8      True\n",
      "9     False\n",
      "10     True\n",
      "11     True\n",
      "12     True\n",
      "13     True\n",
      "14     True\n",
      "15     True\n",
      "16     True\n",
      "17    False\n",
      "18     True\n",
      "19     True\n",
      "dtype: bool\n"
     ]
    }
   ],
   "source": [
    "print (dt['userID1'] != dt['userID2'])"
   ]
  },
  {
   "cell_type": "code",
   "execution_count": 11,
   "metadata": {},
   "outputs": [
    {
     "data": {
      "text/html": [
       "<div>\n",
       "<style scoped>\n",
       "    .dataframe tbody tr th:only-of-type {\n",
       "        vertical-align: middle;\n",
       "    }\n",
       "\n",
       "    .dataframe tbody tr th {\n",
       "        vertical-align: top;\n",
       "    }\n",
       "\n",
       "    .dataframe thead th {\n",
       "        text-align: right;\n",
       "    }\n",
       "</style>\n",
       "<table border=\"1\" class=\"dataframe\">\n",
       "  <thead>\n",
       "    <tr style=\"text-align: right;\">\n",
       "      <th></th>\n",
       "      <th>userID1</th>\n",
       "      <th>userID2</th>\n",
       "      <th>rating1</th>\n",
       "      <th>rating2</th>\n",
       "    </tr>\n",
       "  </thead>\n",
       "  <tbody>\n",
       "    <tr>\n",
       "      <th>0</th>\n",
       "      <td>103</td>\n",
       "      <td>101</td>\n",
       "      <td>0.513306</td>\n",
       "      <td>0.074891</td>\n",
       "    </tr>\n",
       "    <tr>\n",
       "      <th>1</th>\n",
       "      <td>103</td>\n",
       "      <td>100</td>\n",
       "      <td>0.127133</td>\n",
       "      <td>0.438716</td>\n",
       "    </tr>\n",
       "    <tr>\n",
       "      <th>2</th>\n",
       "      <td>101</td>\n",
       "      <td>102</td>\n",
       "      <td>0.978646</td>\n",
       "      <td>0.786397</td>\n",
       "    </tr>\n",
       "    <tr>\n",
       "      <th>3</th>\n",
       "      <td>102</td>\n",
       "      <td>104</td>\n",
       "      <td>0.378681</td>\n",
       "      <td>0.035344</td>\n",
       "    </tr>\n",
       "    <tr>\n",
       "      <th>4</th>\n",
       "      <td>103</td>\n",
       "      <td>100</td>\n",
       "      <td>0.408085</td>\n",
       "      <td>0.013521</td>\n",
       "    </tr>\n",
       "    <tr>\n",
       "      <th>5</th>\n",
       "      <td>101</td>\n",
       "      <td>104</td>\n",
       "      <td>0.345062</td>\n",
       "      <td>0.100628</td>\n",
       "    </tr>\n",
       "    <tr>\n",
       "      <th>6</th>\n",
       "      <td>101</td>\n",
       "      <td>100</td>\n",
       "      <td>0.947590</td>\n",
       "      <td>0.640995</td>\n",
       "    </tr>\n",
       "    <tr>\n",
       "      <th>7</th>\n",
       "      <td>100</td>\n",
       "      <td>102</td>\n",
       "      <td>0.073854</td>\n",
       "      <td>0.547209</td>\n",
       "    </tr>\n",
       "    <tr>\n",
       "      <th>8</th>\n",
       "      <td>102</td>\n",
       "      <td>101</td>\n",
       "      <td>0.914659</td>\n",
       "      <td>0.527392</td>\n",
       "    </tr>\n",
       "    <tr>\n",
       "      <th>9</th>\n",
       "      <td>101</td>\n",
       "      <td>102</td>\n",
       "      <td>0.508018</td>\n",
       "      <td>0.315535</td>\n",
       "    </tr>\n",
       "    <tr>\n",
       "      <th>10</th>\n",
       "      <td>103</td>\n",
       "      <td>101</td>\n",
       "      <td>0.045595</td>\n",
       "      <td>0.678309</td>\n",
       "    </tr>\n",
       "    <tr>\n",
       "      <th>11</th>\n",
       "      <td>100</td>\n",
       "      <td>102</td>\n",
       "      <td>0.491253</td>\n",
       "      <td>0.992630</td>\n",
       "    </tr>\n",
       "    <tr>\n",
       "      <th>12</th>\n",
       "      <td>102</td>\n",
       "      <td>100</td>\n",
       "      <td>0.389173</td>\n",
       "      <td>0.314313</td>\n",
       "    </tr>\n",
       "    <tr>\n",
       "      <th>13</th>\n",
       "      <td>103</td>\n",
       "      <td>100</td>\n",
       "      <td>0.068483</td>\n",
       "      <td>0.327930</td>\n",
       "    </tr>\n",
       "    <tr>\n",
       "      <th>14</th>\n",
       "      <td>103</td>\n",
       "      <td>104</td>\n",
       "      <td>0.975377</td>\n",
       "      <td>0.609695</td>\n",
       "    </tr>\n",
       "  </tbody>\n",
       "</table>\n",
       "</div>"
      ],
      "text/plain": [
       "    userID1  userID2   rating1   rating2\n",
       "0       103      101  0.513306  0.074891\n",
       "1       103      100  0.127133  0.438716\n",
       "2       101      102  0.978646  0.786397\n",
       "3       102      104  0.378681  0.035344\n",
       "4       103      100  0.408085  0.013521\n",
       "5       101      104  0.345062  0.100628\n",
       "6       101      100  0.947590  0.640995\n",
       "7       100      102  0.073854  0.547209\n",
       "8       102      101  0.914659  0.527392\n",
       "9       101      102  0.508018  0.315535\n",
       "10      103      101  0.045595  0.678309\n",
       "11      100      102  0.491253  0.992630\n",
       "12      102      100  0.389173  0.314313\n",
       "13      103      100  0.068483  0.327930\n",
       "14      103      104  0.975377  0.609695"
      ]
     },
     "execution_count": 11,
     "metadata": {},
     "output_type": "execute_result"
    }
   ],
   "source": [
    "dt = dt[dt['userID1'] != dt['userID2']]\n",
    "dt.reset_index(drop=True, inplace=True)\n",
    "dt\n",
    "# print (dt['userID1'] != dt['userID2'])"
   ]
  },
  {
   "cell_type": "code",
   "execution_count": 12,
   "metadata": {},
   "outputs": [
    {
     "data": {
      "text/html": [
       "<div>\n",
       "<style scoped>\n",
       "    .dataframe tbody tr th:only-of-type {\n",
       "        vertical-align: middle;\n",
       "    }\n",
       "\n",
       "    .dataframe tbody tr th {\n",
       "        vertical-align: top;\n",
       "    }\n",
       "\n",
       "    .dataframe thead th {\n",
       "        text-align: right;\n",
       "    }\n",
       "</style>\n",
       "<table border=\"1\" class=\"dataframe\">\n",
       "  <thead>\n",
       "    <tr style=\"text-align: right;\">\n",
       "      <th></th>\n",
       "      <th>userID1</th>\n",
       "      <th>userID2</th>\n",
       "      <th>rating1</th>\n",
       "      <th>rating2</th>\n",
       "    </tr>\n",
       "  </thead>\n",
       "  <tbody>\n",
       "    <tr>\n",
       "      <th>0</th>\n",
       "      <td>100</td>\n",
       "      <td>102</td>\n",
       "      <td>0.073854</td>\n",
       "      <td>0.547209</td>\n",
       "    </tr>\n",
       "    <tr>\n",
       "      <th>1</th>\n",
       "      <td>100</td>\n",
       "      <td>102</td>\n",
       "      <td>0.491253</td>\n",
       "      <td>0.992630</td>\n",
       "    </tr>\n",
       "    <tr>\n",
       "      <th>2</th>\n",
       "      <td>101</td>\n",
       "      <td>102</td>\n",
       "      <td>0.978646</td>\n",
       "      <td>0.786397</td>\n",
       "    </tr>\n",
       "    <tr>\n",
       "      <th>3</th>\n",
       "      <td>101</td>\n",
       "      <td>104</td>\n",
       "      <td>0.345062</td>\n",
       "      <td>0.100628</td>\n",
       "    </tr>\n",
       "    <tr>\n",
       "      <th>4</th>\n",
       "      <td>101</td>\n",
       "      <td>100</td>\n",
       "      <td>0.947590</td>\n",
       "      <td>0.640995</td>\n",
       "    </tr>\n",
       "    <tr>\n",
       "      <th>5</th>\n",
       "      <td>101</td>\n",
       "      <td>102</td>\n",
       "      <td>0.508018</td>\n",
       "      <td>0.315535</td>\n",
       "    </tr>\n",
       "    <tr>\n",
       "      <th>6</th>\n",
       "      <td>102</td>\n",
       "      <td>104</td>\n",
       "      <td>0.378681</td>\n",
       "      <td>0.035344</td>\n",
       "    </tr>\n",
       "    <tr>\n",
       "      <th>7</th>\n",
       "      <td>102</td>\n",
       "      <td>101</td>\n",
       "      <td>0.914659</td>\n",
       "      <td>0.527392</td>\n",
       "    </tr>\n",
       "    <tr>\n",
       "      <th>8</th>\n",
       "      <td>102</td>\n",
       "      <td>100</td>\n",
       "      <td>0.389173</td>\n",
       "      <td>0.314313</td>\n",
       "    </tr>\n",
       "    <tr>\n",
       "      <th>9</th>\n",
       "      <td>103</td>\n",
       "      <td>101</td>\n",
       "      <td>0.513306</td>\n",
       "      <td>0.074891</td>\n",
       "    </tr>\n",
       "    <tr>\n",
       "      <th>10</th>\n",
       "      <td>103</td>\n",
       "      <td>100</td>\n",
       "      <td>0.127133</td>\n",
       "      <td>0.438716</td>\n",
       "    </tr>\n",
       "    <tr>\n",
       "      <th>11</th>\n",
       "      <td>103</td>\n",
       "      <td>100</td>\n",
       "      <td>0.408085</td>\n",
       "      <td>0.013521</td>\n",
       "    </tr>\n",
       "    <tr>\n",
       "      <th>12</th>\n",
       "      <td>103</td>\n",
       "      <td>101</td>\n",
       "      <td>0.045595</td>\n",
       "      <td>0.678309</td>\n",
       "    </tr>\n",
       "    <tr>\n",
       "      <th>13</th>\n",
       "      <td>103</td>\n",
       "      <td>100</td>\n",
       "      <td>0.068483</td>\n",
       "      <td>0.327930</td>\n",
       "    </tr>\n",
       "    <tr>\n",
       "      <th>14</th>\n",
       "      <td>103</td>\n",
       "      <td>104</td>\n",
       "      <td>0.975377</td>\n",
       "      <td>0.609695</td>\n",
       "    </tr>\n",
       "  </tbody>\n",
       "</table>\n",
       "</div>"
      ],
      "text/plain": [
       "    userID1  userID2   rating1   rating2\n",
       "0       100      102  0.073854  0.547209\n",
       "1       100      102  0.491253  0.992630\n",
       "2       101      102  0.978646  0.786397\n",
       "3       101      104  0.345062  0.100628\n",
       "4       101      100  0.947590  0.640995\n",
       "5       101      102  0.508018  0.315535\n",
       "6       102      104  0.378681  0.035344\n",
       "7       102      101  0.914659  0.527392\n",
       "8       102      100  0.389173  0.314313\n",
       "9       103      101  0.513306  0.074891\n",
       "10      103      100  0.127133  0.438716\n",
       "11      103      100  0.408085  0.013521\n",
       "12      103      101  0.045595  0.678309\n",
       "13      103      100  0.068483  0.327930\n",
       "14      103      104  0.975377  0.609695"
      ]
     },
     "execution_count": 12,
     "metadata": {},
     "output_type": "execute_result"
    }
   ],
   "source": [
    "dt = dt.sort_values('userID1', ignore_index=True)\n",
    "dt"
   ]
  },
  {
   "cell_type": "code",
   "execution_count": 13,
   "metadata": {},
   "outputs": [
    {
     "data": {
      "text/html": [
       "<div>\n",
       "<style scoped>\n",
       "    .dataframe tbody tr th:only-of-type {\n",
       "        vertical-align: middle;\n",
       "    }\n",
       "\n",
       "    .dataframe tbody tr th {\n",
       "        vertical-align: top;\n",
       "    }\n",
       "\n",
       "    .dataframe thead th {\n",
       "        text-align: right;\n",
       "    }\n",
       "</style>\n",
       "<table border=\"1\" class=\"dataframe\">\n",
       "  <thead>\n",
       "    <tr style=\"text-align: right;\">\n",
       "      <th></th>\n",
       "      <th>userID1</th>\n",
       "      <th>userID2</th>\n",
       "      <th>rating1</th>\n",
       "      <th>rating2</th>\n",
       "    </tr>\n",
       "  </thead>\n",
       "  <tbody>\n",
       "    <tr>\n",
       "      <th>0</th>\n",
       "      <td>100</td>\n",
       "      <td>102</td>\n",
       "      <td>0.073854</td>\n",
       "      <td>0.547209</td>\n",
       "    </tr>\n",
       "    <tr>\n",
       "      <th>1</th>\n",
       "      <td>100</td>\n",
       "      <td>102</td>\n",
       "      <td>0.491253</td>\n",
       "      <td>0.992630</td>\n",
       "    </tr>\n",
       "    <tr>\n",
       "      <th>2</th>\n",
       "      <td>101</td>\n",
       "      <td>102</td>\n",
       "      <td>0.978646</td>\n",
       "      <td>0.786397</td>\n",
       "    </tr>\n",
       "    <tr>\n",
       "      <th>3</th>\n",
       "      <td>101</td>\n",
       "      <td>104</td>\n",
       "      <td>0.345062</td>\n",
       "      <td>0.100628</td>\n",
       "    </tr>\n",
       "    <tr>\n",
       "      <th>4</th>\n",
       "      <td>101</td>\n",
       "      <td>100</td>\n",
       "      <td>0.947590</td>\n",
       "      <td>0.640995</td>\n",
       "    </tr>\n",
       "    <tr>\n",
       "      <th>5</th>\n",
       "      <td>101</td>\n",
       "      <td>102</td>\n",
       "      <td>0.508018</td>\n",
       "      <td>0.315535</td>\n",
       "    </tr>\n",
       "    <tr>\n",
       "      <th>6</th>\n",
       "      <td>102</td>\n",
       "      <td>104</td>\n",
       "      <td>0.378681</td>\n",
       "      <td>0.035344</td>\n",
       "    </tr>\n",
       "    <tr>\n",
       "      <th>7</th>\n",
       "      <td>102</td>\n",
       "      <td>101</td>\n",
       "      <td>0.914659</td>\n",
       "      <td>0.527392</td>\n",
       "    </tr>\n",
       "    <tr>\n",
       "      <th>8</th>\n",
       "      <td>102</td>\n",
       "      <td>100</td>\n",
       "      <td>0.389173</td>\n",
       "      <td>0.314313</td>\n",
       "    </tr>\n",
       "    <tr>\n",
       "      <th>9</th>\n",
       "      <td>103</td>\n",
       "      <td>101</td>\n",
       "      <td>0.513306</td>\n",
       "      <td>0.074891</td>\n",
       "    </tr>\n",
       "    <tr>\n",
       "      <th>10</th>\n",
       "      <td>103</td>\n",
       "      <td>100</td>\n",
       "      <td>0.127133</td>\n",
       "      <td>0.438716</td>\n",
       "    </tr>\n",
       "    <tr>\n",
       "      <th>11</th>\n",
       "      <td>103</td>\n",
       "      <td>100</td>\n",
       "      <td>0.408085</td>\n",
       "      <td>0.013521</td>\n",
       "    </tr>\n",
       "    <tr>\n",
       "      <th>12</th>\n",
       "      <td>103</td>\n",
       "      <td>101</td>\n",
       "      <td>0.045595</td>\n",
       "      <td>0.678309</td>\n",
       "    </tr>\n",
       "    <tr>\n",
       "      <th>13</th>\n",
       "      <td>103</td>\n",
       "      <td>100</td>\n",
       "      <td>0.068483</td>\n",
       "      <td>0.327930</td>\n",
       "    </tr>\n",
       "    <tr>\n",
       "      <th>14</th>\n",
       "      <td>103</td>\n",
       "      <td>104</td>\n",
       "      <td>0.975377</td>\n",
       "      <td>0.609695</td>\n",
       "    </tr>\n",
       "  </tbody>\n",
       "</table>\n",
       "</div>"
      ],
      "text/plain": [
       "    userID1  userID2   rating1   rating2\n",
       "0       100      102  0.073854  0.547209\n",
       "1       100      102  0.491253  0.992630\n",
       "2       101      102  0.978646  0.786397\n",
       "3       101      104  0.345062  0.100628\n",
       "4       101      100  0.947590  0.640995\n",
       "5       101      102  0.508018  0.315535\n",
       "6       102      104  0.378681  0.035344\n",
       "7       102      101  0.914659  0.527392\n",
       "8       102      100  0.389173  0.314313\n",
       "9       103      101  0.513306  0.074891\n",
       "10      103      100  0.127133  0.438716\n",
       "11      103      100  0.408085  0.013521\n",
       "12      103      101  0.045595  0.678309\n",
       "13      103      100  0.068483  0.327930\n",
       "14      103      104  0.975377  0.609695"
      ]
     },
     "execution_count": 13,
     "metadata": {},
     "output_type": "execute_result"
    }
   ],
   "source": [
    "# dt = dt.loc[['userID1','userID2']] = dt.loc[['userID2','userID1']].values\n",
    "# df[['userID1','userID2']] = pd.np.select(df['VALUE'] == 1, df[['userID2','userID1']].values, df[['userID1','userID2']].values)\n",
    "\n",
    "# dt.loc[idx] = dt.loc[idx].rename(columns={'userID2':'userID1','userID1':'userID2'})\n",
    "\n",
    "\n",
    "# for row in dt.iterrows():\n",
    "#     print(row)\n",
    "\n",
    "# tmp = dt['userID1']\n",
    "# df.loc[idx,'L'] = df.loc[idx,'R']\n",
    "# df.loc[idx,'R'] = tmp\n",
    "# dt[['userID1','userID2']] = pd.np.select(dt['userID1'], dt[['userID2','userID1']].values, dt[['userID1','userID2']].values)\n",
    "# dt.update(dt.loc[m].rename({'userID1': 'userID2', 'userID2': 'userID1'}, axis=1))\n",
    "# dt\n",
    "\n",
    "##all userID1\n",
    "\n",
    "# uniqueid1list = dt.userID1.unique().tolist()\n",
    "# print(uniqueid1list)\n",
    "# dn = pd.DataFrame()\n",
    "# indexlist = []\n",
    "# for i in uniqueid1list:\n",
    "#     print(i)\n",
    "#     for index,row in dt.iterrows():\n",
    "# #         print(row['userID2'])\n",
    "#         if row['userID2'] == i and index not in indexlist: #\n",
    "# #             print('=====')\n",
    "# #             print(row)\n",
    "# #             row = row.copy()\n",
    "#             dt.loc[index, 'userID2'] = row['userID1']\n",
    "# #             row['userID2'] = row['userID1']\n",
    "#             dt.loc[index, 'userID1'] = i\n",
    "# #             print(row)\n",
    "# #             dt.at[x, 'userID2'] = row['userID1']\n",
    "# #             dt.at[x, 'userID1'] = i\n",
    "# #             \n",
    "#             indexlist.append(index)\n",
    "\n",
    "# #         dn.append(row, ignore_index = True)\n",
    "#         if i in uniqueid1list:\n",
    "#                 uniqueid1list.remove(i)\n",
    "#         print(uniqueid1list)\n",
    "        \n",
    "# dt\n",
    "# # dn\n",
    "dt"
   ]
  },
  {
   "cell_type": "code",
   "execution_count": 14,
   "metadata": {},
   "outputs": [
    {
     "name": "stdout",
     "output_type": "stream",
     "text": [
      "[100, 101, 102, 103]\n"
     ]
    },
    {
     "data": {
      "text/html": [
       "<div>\n",
       "<style scoped>\n",
       "    .dataframe tbody tr th:only-of-type {\n",
       "        vertical-align: middle;\n",
       "    }\n",
       "\n",
       "    .dataframe tbody tr th {\n",
       "        vertical-align: top;\n",
       "    }\n",
       "\n",
       "    .dataframe thead th {\n",
       "        text-align: right;\n",
       "    }\n",
       "</style>\n",
       "<table border=\"1\" class=\"dataframe\">\n",
       "  <thead>\n",
       "    <tr style=\"text-align: right;\">\n",
       "      <th></th>\n",
       "      <th>userID1</th>\n",
       "      <th>userID2</th>\n",
       "      <th>rating1</th>\n",
       "      <th>rating2</th>\n",
       "    </tr>\n",
       "  </thead>\n",
       "  <tbody>\n",
       "    <tr>\n",
       "      <th>0</th>\n",
       "      <td>102.0</td>\n",
       "      <td>100.0</td>\n",
       "      <td>0.073854</td>\n",
       "      <td>0.547209</td>\n",
       "    </tr>\n",
       "    <tr>\n",
       "      <th>1</th>\n",
       "      <td>102.0</td>\n",
       "      <td>100.0</td>\n",
       "      <td>0.491253</td>\n",
       "      <td>0.992630</td>\n",
       "    </tr>\n",
       "    <tr>\n",
       "      <th>2</th>\n",
       "      <td>102.0</td>\n",
       "      <td>101.0</td>\n",
       "      <td>0.978646</td>\n",
       "      <td>0.786397</td>\n",
       "    </tr>\n",
       "    <tr>\n",
       "      <th>3</th>\n",
       "      <td>101.0</td>\n",
       "      <td>104.0</td>\n",
       "      <td>0.345062</td>\n",
       "      <td>0.100628</td>\n",
       "    </tr>\n",
       "    <tr>\n",
       "      <th>4</th>\n",
       "      <td>101.0</td>\n",
       "      <td>100.0</td>\n",
       "      <td>0.947590</td>\n",
       "      <td>0.640995</td>\n",
       "    </tr>\n",
       "    <tr>\n",
       "      <th>5</th>\n",
       "      <td>102.0</td>\n",
       "      <td>101.0</td>\n",
       "      <td>0.508018</td>\n",
       "      <td>0.315535</td>\n",
       "    </tr>\n",
       "    <tr>\n",
       "      <th>6</th>\n",
       "      <td>102.0</td>\n",
       "      <td>104.0</td>\n",
       "      <td>0.378681</td>\n",
       "      <td>0.035344</td>\n",
       "    </tr>\n",
       "    <tr>\n",
       "      <th>7</th>\n",
       "      <td>102.0</td>\n",
       "      <td>101.0</td>\n",
       "      <td>0.914659</td>\n",
       "      <td>0.527392</td>\n",
       "    </tr>\n",
       "    <tr>\n",
       "      <th>8</th>\n",
       "      <td>102.0</td>\n",
       "      <td>100.0</td>\n",
       "      <td>0.389173</td>\n",
       "      <td>0.314313</td>\n",
       "    </tr>\n",
       "    <tr>\n",
       "      <th>9</th>\n",
       "      <td>103.0</td>\n",
       "      <td>101.0</td>\n",
       "      <td>0.513306</td>\n",
       "      <td>0.074891</td>\n",
       "    </tr>\n",
       "    <tr>\n",
       "      <th>10</th>\n",
       "      <td>103.0</td>\n",
       "      <td>100.0</td>\n",
       "      <td>0.127133</td>\n",
       "      <td>0.438716</td>\n",
       "    </tr>\n",
       "    <tr>\n",
       "      <th>11</th>\n",
       "      <td>103.0</td>\n",
       "      <td>100.0</td>\n",
       "      <td>0.408085</td>\n",
       "      <td>0.013521</td>\n",
       "    </tr>\n",
       "    <tr>\n",
       "      <th>12</th>\n",
       "      <td>103.0</td>\n",
       "      <td>101.0</td>\n",
       "      <td>0.045595</td>\n",
       "      <td>0.678309</td>\n",
       "    </tr>\n",
       "    <tr>\n",
       "      <th>13</th>\n",
       "      <td>103.0</td>\n",
       "      <td>100.0</td>\n",
       "      <td>0.068483</td>\n",
       "      <td>0.327930</td>\n",
       "    </tr>\n",
       "    <tr>\n",
       "      <th>14</th>\n",
       "      <td>103.0</td>\n",
       "      <td>104.0</td>\n",
       "      <td>0.975377</td>\n",
       "      <td>0.609695</td>\n",
       "    </tr>\n",
       "  </tbody>\n",
       "</table>\n",
       "</div>"
      ],
      "text/plain": [
       "    userID1  userID2   rating1   rating2\n",
       "0     102.0    100.0  0.073854  0.547209\n",
       "1     102.0    100.0  0.491253  0.992630\n",
       "2     102.0    101.0  0.978646  0.786397\n",
       "3     101.0    104.0  0.345062  0.100628\n",
       "4     101.0    100.0  0.947590  0.640995\n",
       "5     102.0    101.0  0.508018  0.315535\n",
       "6     102.0    104.0  0.378681  0.035344\n",
       "7     102.0    101.0  0.914659  0.527392\n",
       "8     102.0    100.0  0.389173  0.314313\n",
       "9     103.0    101.0  0.513306  0.074891\n",
       "10    103.0    100.0  0.127133  0.438716\n",
       "11    103.0    100.0  0.408085  0.013521\n",
       "12    103.0    101.0  0.045595  0.678309\n",
       "13    103.0    100.0  0.068483  0.327930\n",
       "14    103.0    104.0  0.975377  0.609695"
      ]
     },
     "execution_count": 14,
     "metadata": {},
     "output_type": "execute_result"
    }
   ],
   "source": [
    "uniqueid1list = dt.userID1.unique().tolist()\n",
    "print(uniqueid1list)\n",
    "dn = pd.DataFrame()\n",
    "indexlist = []\n",
    "for i in uniqueid1list:\n",
    "    for index,row in dt.iterrows():\n",
    "        row = row.copy()\n",
    "        if row['userID2'] == i: #and index not in indexlist\n",
    "            dt.loc[index, 'userID2'] = row['userID1']\n",
    "            dt.loc[index, 'userID1'] = row['userID2']\n",
    "#             indexlist.append(index)\n",
    "#     if i in uniqueid1list:\n",
    "#             uniqueid1list.remove(i)\n",
    "#     dt = dt.sort_values('userID1')\n",
    "        \n",
    "\n",
    "# dx = dt.sort_values('userID1', ignore_index=True)\n",
    "dt"
   ]
  },
  {
   "cell_type": "code",
   "execution_count": 15,
   "metadata": {},
   "outputs": [],
   "source": [
    "# dt.sort_values('userID1')\n",
    "# dt['userID1']\n",
    "user = 1\n",
    "if user == 1:\n",
    "    vd = dt.groupby(['userID1', 'userID2'])\n",
    "# vd['rating1'].sum()\n",
    "# vd['rating1'].mean()"
   ]
  },
  {
   "cell_type": "code",
   "execution_count": 16,
   "metadata": {},
   "outputs": [
    {
     "name": "stdout",
     "output_type": "stream",
     "text": [
      "   userID1  userID2  rating1   rating2\n",
      "4    101.0    100.0  0.94759  0.640995\n",
      "   userID1  userID2   rating1   rating2\n",
      "3    101.0    104.0  0.345062  0.100628\n",
      "   userID1  userID2   rating1   rating2\n",
      "0    102.0    100.0  0.073854  0.547209\n",
      "1    102.0    100.0  0.491253  0.992630\n",
      "8    102.0    100.0  0.389173  0.314313\n",
      "   userID1  userID2   rating1   rating2\n",
      "2    102.0    101.0  0.978646  0.786397\n",
      "5    102.0    101.0  0.508018  0.315535\n",
      "7    102.0    101.0  0.914659  0.527392\n",
      "   userID1  userID2   rating1   rating2\n",
      "6    102.0    104.0  0.378681  0.035344\n",
      "    userID1  userID2   rating1   rating2\n",
      "10    103.0    100.0  0.127133  0.438716\n",
      "11    103.0    100.0  0.408085  0.013521\n",
      "13    103.0    100.0  0.068483  0.327930\n",
      "    userID1  userID2   rating1   rating2\n",
      "9     103.0    101.0  0.513306  0.074891\n",
      "12    103.0    101.0  0.045595  0.678309\n",
      "    userID1  userID2   rating1   rating2\n",
      "14    103.0    104.0  0.975377  0.609695\n"
     ]
    }
   ],
   "source": [
    "for k, uid in vd:\n",
    "    print(uid)\n",
    "    "
   ]
  },
  {
   "cell_type": "code",
   "execution_count": 17,
   "metadata": {},
   "outputs": [],
   "source": [
    "#!conda info"
   ]
  },
  {
   "cell_type": "code",
   "execution_count": 18,
   "metadata": {},
   "outputs": [],
   "source": [
    "# interaction[:10]"
   ]
  },
  {
   "cell_type": "code",
   "execution_count": null,
   "metadata": {},
   "outputs": [],
   "source": []
  },
  {
   "cell_type": "code",
   "execution_count": 19,
   "metadata": {},
   "outputs": [],
   "source": [
    "def old_paper(interactions, phi):\n",
    "    rj = 0\n",
    "    sj = 0\n",
    "    for i in interaction:\n",
    "        \n",
    "        rj += i[0]\n",
    "        sj += i[0]\n",
    "\n",
    "    rj += 1\n",
    "    rj *= phi\n",
    "    sj -= 1\n",
    "    sj *+ phi\n",
    "    \n",
    "    return rj, sj"
   ]
  },
  {
   "cell_type": "code",
   "execution_count": 20,
   "metadata": {},
   "outputs": [],
   "source": [
    "# old_paper(interactions, phi)"
   ]
  },
  {
   "cell_type": "code",
   "execution_count": 21,
   "metadata": {},
   "outputs": [],
   "source": [
    "def new_paper(interactions, phi):\n",
    "    rj = 0\n",
    "    sj = 0\n",
    "    for i in interaction:\n",
    "        \n",
    "        rj += (1+ i[0]) * phi\n",
    "        sj += (1- i[0]) * phi \n",
    "        \n",
    "    return rj, sj"
   ]
  },
  {
   "cell_type": "code",
   "execution_count": null,
   "metadata": {},
   "outputs": [],
   "source": []
  },
  {
   "cell_type": "code",
   "execution_count": 22,
   "metadata": {},
   "outputs": [],
   "source": [
    "# new_paper(interactions, phi)"
   ]
  },
  {
   "cell_type": "code",
   "execution_count": 23,
   "metadata": {},
   "outputs": [],
   "source": [
    "def new_paper_with_decay(interactions, phi, decay):\n",
    "    rj = 0\n",
    "    sj = 0\n",
    "    exp_val_n = len(interactions)\n",
    "    count = 0\n",
    "    for i in interactions:\n",
    "        count += 1\n",
    "#         print(i)\n",
    "        rj += ((1+ i) * phi) * (decay **(exp_val_n - count)) \n",
    "        sj += ((1- i) * phi) * (decay **(exp_val_n - count))\n",
    "        print(', st ='+ str(rj)+', ds = '+str(sj))\n",
    "        \n",
    "    return rj, sj"
   ]
  },
  {
   "cell_type": "code",
   "execution_count": 24,
   "metadata": {},
   "outputs": [],
   "source": [
    "decay = 0.5\n",
    "# new_paper_with_decay(interactions, phi, decay)"
   ]
  },
  {
   "cell_type": "code",
   "execution_count": 25,
   "metadata": {},
   "outputs": [
    {
     "name": "stdout",
     "output_type": "stream",
     "text": [
      "=========================================================\n",
      "   userID1  userID2  rating1   rating2  User1dis  User1sat  U1cum_dis  \\\n",
      "4    101.0    100.0  0.94759  0.640995  0.026205  0.973795   0.026205   \n",
      "\n",
      "   U1cum_sat  \n",
      "4   0.973795  \n",
      "=========================================================\n",
      "   userID1  userID2   rating1   rating2  User1dis  User1sat  U1cum_dis  \\\n",
      "3    101.0    104.0  0.345062  0.100628  0.327469  0.672531   0.327469   \n",
      "\n",
      "   U1cum_sat  \n",
      "3   0.672531  \n",
      "=========================================================\n",
      "   userID1  userID2   rating1   rating2  User1dis  User1sat  U1cum_dis  \\\n",
      "0    102.0    100.0  0.073854  0.547209  0.463073  0.536927   0.463073   \n",
      "1    102.0    100.0  0.491253  0.992630  0.254374  0.745626   0.717447   \n",
      "8    102.0    100.0  0.389173  0.314313  0.305413  0.694587   1.022860   \n",
      "\n",
      "   U1cum_sat  \n",
      "0   0.536927  \n",
      "1   1.282553  \n",
      "8   1.977140  \n",
      "=========================================================\n",
      "   userID1  userID2   rating1   rating2  User1dis  User1sat  U1cum_dis  \\\n",
      "2    102.0    101.0  0.978646  0.786397  0.010677  0.989323   0.010677   \n",
      "5    102.0    101.0  0.508018  0.315535  0.245991  0.754009   0.256668   \n",
      "7    102.0    101.0  0.914659  0.527392  0.042671  0.957329   0.299339   \n",
      "\n",
      "   U1cum_sat  \n",
      "2   0.989323  \n",
      "5   1.743332  \n",
      "7   2.700661  \n",
      "=========================================================\n",
      "   userID1  userID2   rating1   rating2  User1dis  User1sat  U1cum_dis  \\\n",
      "6    102.0    104.0  0.378681  0.035344   0.31066   0.68934    0.31066   \n",
      "\n",
      "   U1cum_sat  \n",
      "6    0.68934  \n",
      "=========================================================\n",
      "    userID1  userID2   rating1   rating2  User1dis  User1sat  U1cum_dis  \\\n",
      "10    103.0    100.0  0.127133  0.438716  0.436434  0.563566   0.436434   \n",
      "11    103.0    100.0  0.408085  0.013521  0.295957  0.704043   0.732391   \n",
      "13    103.0    100.0  0.068483  0.327930  0.465758  0.534242   1.198150   \n",
      "\n",
      "    U1cum_sat  \n",
      "10   0.563566  \n",
      "11   1.267609  \n",
      "13   1.801850  \n",
      "=========================================================\n",
      "    userID1  userID2   rating1   rating2  User1dis  User1sat  U1cum_dis  \\\n",
      "9     103.0    101.0  0.513306  0.074891  0.243347  0.756653   0.243347   \n",
      "12    103.0    101.0  0.045595  0.678309  0.477202  0.522798   0.720550   \n",
      "\n",
      "    U1cum_sat  \n",
      "9    0.756653  \n",
      "12   1.279450  \n",
      "=========================================================\n",
      "    userID1  userID2   rating1   rating2  User1dis  User1sat  U1cum_dis  \\\n",
      "14    103.0    104.0  0.975377  0.609695  0.012311  0.987689   0.012311   \n",
      "\n",
      "    U1cum_sat  \n",
      "14   0.987689  \n"
     ]
    },
    {
     "data": {
      "text/html": [
       "<div>\n",
       "<style scoped>\n",
       "    .dataframe tbody tr th:only-of-type {\n",
       "        vertical-align: middle;\n",
       "    }\n",
       "\n",
       "    .dataframe tbody tr th {\n",
       "        vertical-align: top;\n",
       "    }\n",
       "\n",
       "    .dataframe thead th {\n",
       "        text-align: right;\n",
       "    }\n",
       "</style>\n",
       "<table border=\"1\" class=\"dataframe\">\n",
       "  <thead>\n",
       "    <tr style=\"text-align: right;\">\n",
       "      <th></th>\n",
       "      <th>userID1</th>\n",
       "      <th>userID2</th>\n",
       "      <th>rating1</th>\n",
       "      <th>rating2</th>\n",
       "      <th>User1dis</th>\n",
       "      <th>User1sat</th>\n",
       "      <th>U1cum_dis</th>\n",
       "      <th>U1cum_sat</th>\n",
       "    </tr>\n",
       "  </thead>\n",
       "  <tbody>\n",
       "    <tr>\n",
       "      <th>0</th>\n",
       "      <td>101.0</td>\n",
       "      <td>100.0</td>\n",
       "      <td>0.947590</td>\n",
       "      <td>0.640995</td>\n",
       "      <td>0.026205</td>\n",
       "      <td>0.973795</td>\n",
       "      <td>0.026205</td>\n",
       "      <td>0.973795</td>\n",
       "    </tr>\n",
       "    <tr>\n",
       "      <th>1</th>\n",
       "      <td>101.0</td>\n",
       "      <td>104.0</td>\n",
       "      <td>0.345062</td>\n",
       "      <td>0.100628</td>\n",
       "      <td>0.327469</td>\n",
       "      <td>0.672531</td>\n",
       "      <td>0.327469</td>\n",
       "      <td>0.672531</td>\n",
       "    </tr>\n",
       "    <tr>\n",
       "      <th>2</th>\n",
       "      <td>102.0</td>\n",
       "      <td>100.0</td>\n",
       "      <td>0.073854</td>\n",
       "      <td>0.547209</td>\n",
       "      <td>0.463073</td>\n",
       "      <td>0.536927</td>\n",
       "      <td>0.463073</td>\n",
       "      <td>0.536927</td>\n",
       "    </tr>\n",
       "    <tr>\n",
       "      <th>3</th>\n",
       "      <td>102.0</td>\n",
       "      <td>100.0</td>\n",
       "      <td>0.491253</td>\n",
       "      <td>0.992630</td>\n",
       "      <td>0.254374</td>\n",
       "      <td>0.745626</td>\n",
       "      <td>0.717447</td>\n",
       "      <td>1.282553</td>\n",
       "    </tr>\n",
       "    <tr>\n",
       "      <th>4</th>\n",
       "      <td>102.0</td>\n",
       "      <td>100.0</td>\n",
       "      <td>0.389173</td>\n",
       "      <td>0.314313</td>\n",
       "      <td>0.305413</td>\n",
       "      <td>0.694587</td>\n",
       "      <td>1.022860</td>\n",
       "      <td>1.977140</td>\n",
       "    </tr>\n",
       "    <tr>\n",
       "      <th>5</th>\n",
       "      <td>102.0</td>\n",
       "      <td>101.0</td>\n",
       "      <td>0.978646</td>\n",
