{
 "cells": [
  {
   "cell_type": "code",
   "execution_count": 79,
   "metadata": {},
   "outputs": [],
   "source": [
    "import random\n",
    "import itertools\n",
    "import numpy as np\n",
    "import pandas as pd\n",
    "n_transactions = 40\n",
    "phi = 0.5\n",
    "x = tuple(range(0,100))\n",
    "# interactions = [(random.randrange(-1, 1), random.randrange(-1, 1)) for i in range(n_transactions)]"
   ]
  },
  {
   "cell_type": "code",
   "execution_count": 80,
   "metadata": {},
   "outputs": [
    {
     "name": "stdout",
     "output_type": "stream",
     "text": [
      "0      True\n",
      "1      True\n",
      "2      True\n",
      "3      True\n",
      "4      True\n",
      "5      True\n",
      "6     False\n",
      "7      True\n",
      "8      True\n",
      "9      True\n",
      "10     True\n",
      "11     True\n",
      "12     True\n",
      "13     True\n",
      "14     True\n",
      "15     True\n",
      "16    False\n",
      "17    False\n",
      "18     True\n",
      "19     True\n",
      "20     True\n",
      "21     True\n",
      "22     True\n",
      "23     True\n",
      "24     True\n",
      "25     True\n",
      "26     True\n",
      "27     True\n",
      "28     True\n",
      "29     True\n",
      "30     True\n",
      "31    False\n",
      "32     True\n",
      "33     True\n",
      "34    False\n",
      "35     True\n",
      "36     True\n",
      "37     True\n",
      "38     True\n",
      "39     True\n",
      "dtype: bool\n"
     ]
    },
    {
     "data": {
      "text/html": [
       "<div>\n",
       "<style scoped>\n",
       "    .dataframe tbody tr th:only-of-type {\n",
       "        vertical-align: middle;\n",
       "    }\n",
       "\n",
       "    .dataframe tbody tr th {\n",
       "        vertical-align: top;\n",
       "    }\n",
       "\n",
       "    .dataframe thead th {\n",
       "        text-align: right;\n",
       "    }\n",
       "</style>\n",
       "<table border=\"1\" class=\"dataframe\">\n",
       "  <thead>\n",
       "    <tr style=\"text-align: right;\">\n",
       "      <th></th>\n",
       "      <th>Consumer</th>\n",
       "      <th>Producer</th>\n",
       "      <th>Consumerrating</th>\n",
       "      <th>Producerrating</th>\n",
       "    </tr>\n",
       "  </thead>\n",
       "  <tbody>\n",
       "    <tr>\n",
       "      <th>0</th>\n",
       "      <td>100</td>\n",
       "      <td>102</td>\n",
       "      <td>0.942346</td>\n",
       "      <td>0.037362</td>\n",
       "    </tr>\n",
       "    <tr>\n",
       "      <th>1</th>\n",
       "      <td>100</td>\n",
       "      <td>104</td>\n",
       "      <td>0.650965</td>\n",
       "      <td>0.027784</td>\n",
       "    </tr>\n",
       "    <tr>\n",
       "      <th>2</th>\n",
       "      <td>100</td>\n",
       "      <td>102</td>\n",
       "      <td>0.465338</td>\n",
       "      <td>0.282546</td>\n",
       "    </tr>\n",
       "    <tr>\n",
       "      <th>3</th>\n",
       "      <td>100</td>\n",
       "      <td>103</td>\n",
       "      <td>0.608774</td>\n",
       "      <td>0.989558</td>\n",
       "    </tr>\n",
       "    <tr>\n",
       "      <th>4</th>\n",
       "      <td>100</td>\n",
       "      <td>103</td>\n",
       "      <td>0.852704</td>\n",
       "      <td>0.944206</td>\n",
       "    </tr>\n",
       "    <tr>\n",
       "      <th>5</th>\n",
       "      <td>100</td>\n",
       "      <td>104</td>\n",
       "      <td>0.608627</td>\n",
       "      <td>0.604409</td>\n",
       "    </tr>\n",
       "    <tr>\n",
       "      <th>6</th>\n",
       "      <td>101</td>\n",
       "      <td>100</td>\n",
       "      <td>0.662482</td>\n",
       "      <td>0.156285</td>\n",
       "    </tr>\n",
       "    <tr>\n",
       "      <th>7</th>\n",
       "      <td>101</td>\n",
       "      <td>104</td>\n",
       "      <td>0.547612</td>\n",
       "      <td>0.406387</td>\n",
       "    </tr>\n",
       "    <tr>\n",
       "      <th>8</th>\n",
       "      <td>101</td>\n",
       "      <td>103</td>\n",
       "      <td>0.219768</td>\n",
       "      <td>0.212799</td>\n",
       "    </tr>\n",
       "    <tr>\n",
       "      <th>9</th>\n",
       "      <td>101</td>\n",
       "      <td>104</td>\n",
       "      <td>0.829699</td>\n",
       "      <td>0.381784</td>\n",
       "    </tr>\n",
       "    <tr>\n",
       "      <th>10</th>\n",
       "      <td>101</td>\n",
       "      <td>102</td>\n",
       "      <td>0.944889</td>\n",
       "      <td>0.798545</td>\n",
       "    </tr>\n",
       "    <tr>\n",
       "      <th>11</th>\n",
       "      <td>101</td>\n",
       "      <td>103</td>\n",
       "      <td>0.761181</td>\n",
       "      <td>0.003491</td>\n",
       "    </tr>\n",
       "    <tr>\n",
       "      <th>12</th>\n",
       "      <td>101</td>\n",
       "      <td>100</td>\n",
       "      <td>0.326940</td>\n",
       "      <td>0.622835</td>\n",
       "    </tr>\n",
       "    <tr>\n",
       "      <th>13</th>\n",
       "      <td>101</td>\n",
       "      <td>102</td>\n",
       "      <td>0.193621</td>\n",
       "      <td>0.359118</td>\n",
       "    </tr>\n",
       "    <tr>\n",
       "      <th>14</th>\n",
       "      <td>102</td>\n",
       "      <td>100</td>\n",
       "      <td>0.090292</td>\n",
       "      <td>0.908051</td>\n",
       "    </tr>\n",
       "    <tr>\n",
       "      <th>15</th>\n",
       "      <td>102</td>\n",
       "      <td>100</td>\n",
       "      <td>0.271097</td>\n",
       "      <td>0.241235</td>\n",
       "    </tr>\n",
       "    <tr>\n",
       "      <th>16</th>\n",
       "      <td>102</td>\n",
       "      <td>103</td>\n",
       "      <td>0.455352</td>\n",
       "      <td>0.262460</td>\n",
       "    </tr>\n",
       "    <tr>\n",
       "      <th>17</th>\n",
       "      <td>102</td>\n",
       "      <td>103</td>\n",
       "      <td>0.942865</td>\n",
       "      <td>0.597961</td>\n",
       "    </tr>\n",
       "    <tr>\n",
       "      <th>18</th>\n",
       "      <td>102</td>\n",
       "      <td>104</td>\n",
       "      <td>0.511661</td>\n",
       "      <td>0.986380</td>\n",
       "    </tr>\n",
       "    <tr>\n",
       "      <th>19</th>\n",
       "      <td>103</td>\n",
       "      <td>101</td>\n",
       "      <td>0.987197</td>\n",
       "      <td>0.100530</td>\n",
       "    </tr>\n",
       "    <tr>\n",
       "      <th>20</th>\n",
       "      <td>103</td>\n",
       "      <td>100</td>\n",
       "      <td>0.414119</td>\n",
       "      <td>0.248922</td>\n",
       "    </tr>\n",
       "    <tr>\n",
       "      <th>21</th>\n",
       "      <td>103</td>\n",
       "      <td>100</td>\n",
       "      <td>0.465265</td>\n",
       "      <td>0.445361</td>\n",
       "    </tr>\n",
       "    <tr>\n",
       "      <th>22</th>\n",
       "      <td>103</td>\n",
       "      <td>104</td>\n",
       "      <td>0.225772</td>\n",
       "      <td>0.741396</td>\n",
       "    </tr>\n",
       "    <tr>\n",
       "      <th>23</th>\n",
       "      <td>103</td>\n",
       "      <td>100</td>\n",
       "      <td>0.685896</td>\n",
       "      <td>0.054805</td>\n",
       "    </tr>\n",
       "    <tr>\n",
       "      <th>24</th>\n",
       "      <td>103</td>\n",
       "      <td>104</td>\n",
       "      <td>0.558107</td>\n",
       "      <td>0.592974</td>\n",
       "    </tr>\n",
       "    <tr>\n",
       "      <th>25</th>\n",
       "      <td>104</td>\n",
       "      <td>103</td>\n",
       "      <td>0.213682</td>\n",
       "      <td>0.268665</td>\n",
       "    </tr>\n",
       "    <tr>\n",
       "      <th>26</th>\n",
       "      <td>104</td>\n",
       "      <td>101</td>\n",
       "      <td>0.279260</td>\n",
       "      <td>0.640985</td>\n",
       "    </tr>\n",
       "    <tr>\n",
       "      <th>27</th>\n",
       "      <td>104</td>\n",
       "      <td>100</td>\n",
       "      <td>0.824616</td>\n",
       "      <td>0.285085</td>\n",
       "    </tr>\n",
       "    <tr>\n",
       "      <th>28</th>\n",
       "      <td>104</td>\n",
       "      <td>102</td>\n",
       "      <td>0.540541</td>\n",
       "      <td>0.683871</td>\n",
       "    </tr>\n",
       "    <tr>\n",
       "      <th>29</th>\n",
       "      <td>104</td>\n",
       "      <td>102</td>\n",
       "      <td>0.456419</td>\n",
       "      <td>0.007322</td>\n",
       "    </tr>\n",
       "    <tr>\n",
       "      <th>30</th>\n",
       "      <td>104</td>\n",
       "      <td>102</td>\n",
       "      <td>0.953204</td>\n",
       "      <td>0.278608</td>\n",
       "    </tr>\n",
       "    <tr>\n",
       "      <th>31</th>\n",
       "      <td>104</td>\n",
       "      <td>102</td>\n",
       "      <td>0.140816</td>\n",
       "      <td>0.151808</td>\n",
       "    </tr>\n",
       "    <tr>\n",
       "      <th>32</th>\n",
       "      <td>104</td>\n",
       "      <td>100</td>\n",
       "      <td>0.672017</td>\n",
       "      <td>0.288364</td>\n",
       "    </tr>\n",
       "    <tr>\n",
       "      <th>33</th>\n",
       "      <td>104</td>\n",
       "      <td>101</td>\n",
       "      <td>0.165137</td>\n",
       "      <td>0.824646</td>\n",
       "    </tr>\n",
       "    <tr>\n",
       "      <th>34</th>\n",
       "      <td>104</td>\n",
       "      <td>102</td>\n",
       "      <td>0.055323</td>\n",
       "      <td>0.549306</td>\n",
       "    </tr>\n",
       "  </tbody>\n",
       "</table>\n",
       "</div>"
      ],
      "text/plain": [
       "    Consumer  Producer  Consumerrating  Producerrating\n",
       "0        100       102        0.942346        0.037362\n",
       "1        100       104        0.650965        0.027784\n",
       "2        100       102        0.465338        0.282546\n",
       "3        100       103        0.608774        0.989558\n",
       "4        100       103        0.852704        0.944206\n",
       "5        100       104        0.608627        0.604409\n",
       "6        101       100        0.662482        0.156285\n",
       "7        101       104        0.547612        0.406387\n",
       "8        101       103        0.219768        0.212799\n",
       "9        101       104        0.829699        0.381784\n",
       "10       101       102        0.944889        0.798545\n",
       "11       101       103        0.761181        0.003491\n",
       "12       101       100        0.326940        0.622835\n",
       "13       101       102        0.193621        0.359118\n",
       "14       102       100        0.090292        0.908051\n",
       "15       102       100        0.271097        0.241235\n",
       "16       102       103        0.455352        0.262460\n",
       "17       102       103        0.942865        0.597961\n",
       "18       102       104        0.511661        0.986380\n",
       "19       103       101        0.987197        0.100530\n",
       "20       103       100        0.414119        0.248922\n",
       "21       103       100        0.465265        0.445361\n",
       "22       103       104        0.225772        0.741396\n",
       "23       103       100        0.685896        0.054805\n",
       "24       103       104        0.558107        0.592974\n",
       "25       104       103        0.213682        0.268665\n",
       "26       104       101        0.279260        0.640985\n",
       "27       104       100        0.824616        0.285085\n",
       "28       104       102        0.540541        0.683871\n",
       "29       104       102        0.456419        0.007322\n",
       "30       104       102        0.953204        0.278608\n",
       "31       104       102        0.140816        0.151808\n",
       "32       104       100        0.672017        0.288364\n",
       "33       104       101        0.165137        0.824646\n",
       "34       104       102        0.055323        0.549306"
      ]
     },
     "execution_count": 80,
     "metadata": {},
     "output_type": "execute_result"
    }
   ],
   "source": [
    "interactions2 = [(random.randrange(100, 105), random.randrange(100, 105), random.uniform(0, 1), random.uniform(0, 1)) for i in range(n_transactions)]\n",
    "# interactions2 = [(random.randrange(100, 105), random.randrange(110, 115), random.randrange(-1, 1), random.randrange(-1, 1)) for i in range(n_transactions)]\n",
    "\n",
    "# interactions2\n",
    "dt = pd.DataFrame(interactions2, columns=['Consumer', 'Producer', 'Consumerrating', 'Producerrating'])\n",
    "# dt.head(20)\n",
    "print (dt['Consumer'] != dt['Producer'])\n",
    "dt = dt[dt['Consumer'] != dt['Producer']]\n",
    "dt.reset_index(drop=True, inplace=True)\n",
    "dt\n",
    "# print (dt['userID1'] != dt['userID2'])\n",
    "dt = dt.sort_values('Consumer', ignore_index=True)\n",
    "dt"
   ]
  },
  {
   "cell_type": "code",
   "execution_count": 81,
   "metadata": {},
   "outputs": [
    {
     "name": "stdout",
     "output_type": "stream",
     "text": [
      "[100, 101, 102, 103, 104]\n"
     ]
    },
    {
     "data": {
      "text/html": [
       "<div>\n",
       "<style scoped>\n",
       "    .dataframe tbody tr th:only-of-type {\n",
       "        vertical-align: middle;\n",
       "    }\n",
       "\n",
       "    .dataframe tbody tr th {\n",
       "        vertical-align: top;\n",
       "    }\n",
       "\n",
       "    .dataframe thead th {\n",
       "        text-align: right;\n",
       "    }\n",
       "</style>\n",
       "<table border=\"1\" class=\"dataframe\">\n",
       "  <thead>\n",
       "    <tr style=\"text-align: right;\">\n",
       "      <th></th>\n",
       "      <th>Consumer</th>\n",
       "      <th>Producer</th>\n",
       "      <th>Consumerrating</th>\n",
       "      <th>Producerrating</th>\n",
       "    </tr>\n",
       "  </thead>\n",
       "  <tbody>\n",
       "    <tr>\n",
       "      <th>0</th>\n",
       "      <td>102.0</td>\n",
       "      <td>100.0</td>\n",
       "      <td>0.942346</td>\n",
       "      <td>0.037362</td>\n",
       "    </tr>\n",
       "    <tr>\n",
       "      <th>1</th>\n",
       "      <td>104.0</td>\n",
       "      <td>100.0</td>\n",
       "      <td>0.650965</td>\n",
       "      <td>0.027784</td>\n",
       "    </tr>\n",
       "    <tr>\n",
       "      <th>2</th>\n",
       "      <td>102.0</td>\n",
       "      <td>100.0</td>\n",
       "      <td>0.465338</td>\n",
       "      <td>0.282546</td>\n",
       "    </tr>\n",
       "    <tr>\n",
       "      <th>3</th>\n",
       "      <td>103.0</td>\n",
       "      <td>100.0</td>\n",
       "      <td>0.608774</td>\n",
       "      <td>0.989558</td>\n",
       "    </tr>\n",
       "    <tr>\n",
       "      <th>4</th>\n",
       "      <td>103.0</td>\n",
       "      <td>100.0</td>\n",
       "      <td>0.852704</td>\n",
       "      <td>0.944206</td>\n",
       "    </tr>\n",
       "    <tr>\n",
       "      <th>5</th>\n",
       "      <td>104.0</td>\n",
       "      <td>100.0</td>\n",
       "      <td>0.608627</td>\n",
       "      <td>0.604409</td>\n",
       "    </tr>\n",
       "    <tr>\n",
       "      <th>6</th>\n",
       "      <td>101.0</td>\n",
       "      <td>100.0</td>\n",
       "      <td>0.662482</td>\n",
       "      <td>0.156285</td>\n",
       "    </tr>\n",
       "    <tr>\n",
       "      <th>7</th>\n",
       "      <td>104.0</td>\n",
       "      <td>101.0</td>\n",
       "      <td>0.547612</td>\n",
       "      <td>0.406387</td>\n",
       "    </tr>\n",
       "    <tr>\n",
       "      <th>8</th>\n",
       "      <td>103.0</td>\n",
       "      <td>101.0</td>\n",
       "      <td>0.219768</td>\n",
       "      <td>0.212799</td>\n",
       "    </tr>\n",
       "    <tr>\n",
       "      <th>9</th>\n",
       "      <td>104.0</td>\n",
       "      <td>101.0</td>\n",
       "      <td>0.829699</td>\n",
       "      <td>0.381784</td>\n",
       "    </tr>\n",
       "    <tr>\n",
       "      <th>10</th>\n",
       "      <td>102.0</td>\n",
       "      <td>101.0</td>\n",
       "      <td>0.944889</td>\n",
       "      <td>0.798545</td>\n",
       "    </tr>\n",
       "    <tr>\n",
       "      <th>11</th>\n",
       "      <td>103.0</td>\n",
       "      <td>101.0</td>\n",
       "      <td>0.761181</td>\n",
       "      <td>0.003491</td>\n",
       "    </tr>\n",
       "    <tr>\n",
       "      <th>12</th>\n",
       "      <td>101.0</td>\n",
       "      <td>100.0</td>\n",
       "      <td>0.326940</td>\n",
       "      <td>0.622835</td>\n",
       "    </tr>\n",
       "    <tr>\n",
       "      <th>13</th>\n",
       "      <td>102.0</td>\n",
       "      <td>101.0</td>\n",
       "      <td>0.193621</td>\n",
       "      <td>0.359118</td>\n",
       "    </tr>\n",
       "    <tr>\n",
       "      <th>14</th>\n",
       "      <td>102.0</td>\n",
       "      <td>100.0</td>\n",
       "      <td>0.090292</td>\n",
       "      <td>0.908051</td>\n",
       "    </tr>\n",
       "    <tr>\n",
       "      <th>15</th>\n",
       "      <td>102.0</td>\n",
       "      <td>100.0</td>\n",
       "      <td>0.271097</td>\n",
       "      <td>0.241235</td>\n",
       "    </tr>\n",
       "    <tr>\n",
       "      <th>16</th>\n",
       "      <td>103.0</td>\n",
       "      <td>102.0</td>\n",
       "      <td>0.455352</td>\n",
       "      <td>0.262460</td>\n",
       "    </tr>\n",
       "    <tr>\n",
       "      <th>17</th>\n",
       "      <td>103.0</td>\n",
       "      <td>102.0</td>\n",
       "      <td>0.942865</td>\n",
       "      <td>0.597961</td>\n",
       "    </tr>\n",
       "    <tr>\n",
       "      <th>18</th>\n",
       "      <td>104.0</td>\n",
       "      <td>102.0</td>\n",
       "      <td>0.511661</td>\n",
       "      <td>0.986380</td>\n",
       "    </tr>\n",
       "    <tr>\n",
       "      <th>19</th>\n",
       "      <td>103.0</td>\n",
       "      <td>101.0</td>\n",
       "      <td>0.987197</td>\n",
       "      <td>0.100530</td>\n",
       "    </tr>\n",
       "    <tr>\n",
       "      <th>20</th>\n",
       "      <td>103.0</td>\n",
       "      <td>100.0</td>\n",
       "      <td>0.414119</td>\n",
       "      <td>0.248922</td>\n",
       "    </tr>\n",
       "    <tr>\n",
       "      <th>21</th>\n",
       "      <td>103.0</td>\n",
       "      <td>100.0</td>\n",
       "      <td>0.465265</td>\n",
       "      <td>0.445361</td>\n",
       "    </tr>\n",
       "    <tr>\n",
       "      <th>22</th>\n",
       "      <td>104.0</td>\n",
       "      <td>103.0</td>\n",
       "      <td>0.225772</td>\n",
       "      <td>0.741396</td>\n",
       "    </tr>\n",
       "    <tr>\n",
       "      <th>23</th>\n",
       "      <td>103.0</td>\n",
       "      <td>100.0</td>\n",
       "      <td>0.685896</td>\n",
       "      <td>0.054805</td>\n",
       "    </tr>\n",
       "    <tr>\n",
       "      <th>24</th>\n",
       "      <td>104.0</td>\n",
       "      <td>103.0</td>\n",
       "      <td>0.558107</td>\n",
       "      <td>0.592974</td>\n",
       "    </tr>\n",
       "    <tr>\n",
       "      <th>25</th>\n",
       "      <td>104.0</td>\n",
       "      <td>103.0</td>\n",
       "      <td>0.213682</td>\n",
       "      <td>0.268665</td>\n",
       "    </tr>\n",
       "    <tr>\n",
       "      <th>26</th>\n",
       "      <td>104.0</td>\n",
       "      <td>101.0</td>\n",
       "      <td>0.279260</td>\n",
       "      <td>0.640985</td>\n",
       "    </tr>\n",
       "    <tr>\n",
       "      <th>27</th>\n",
       "      <td>104.0</td>\n",
       "      <td>100.0</td>\n",
       "      <td>0.824616</td>\n",
       "      <td>0.285085</td>\n",
       "    </tr>\n",
       "    <tr>\n",
       "      <th>28</th>\n",
       "      <td>104.0</td>\n",
       "      <td>102.0</td>\n",
       "      <td>0.540541</td>\n",
       "      <td>0.683871</td>\n",
       "    </tr>\n",
       "    <tr>\n",
       "      <th>29</th>\n",
       "      <td>104.0</td>\n",
       "      <td>102.0</td>\n",
       "      <td>0.456419</td>\n",
       "      <td>0.007322</td>\n",
       "    </tr>\n",
       "    <tr>\n",
       "      <th>30</th>\n",
       "      <td>104.0</td>\n",
       "      <td>102.0</td>\n",
       "      <td>0.953204</td>\n",
       "      <td>0.278608</td>\n",
       "    </tr>\n",
       "    <tr>\n",
       "      <th>31</th>\n",
       "      <td>104.0</td>\n",
       "      <td>102.0</td>\n",
       "      <td>0.140816</td>\n",
       "      <td>0.151808</td>\n",
       "    </tr>\n",
       "    <tr>\n",
       "      <th>32</th>\n",
       "      <td>104.0</td>\n",
       "      <td>100.0</td>\n",
       "      <td>0.672017</td>\n",
       "      <td>0.288364</td>\n",
       "    </tr>\n",
       "    <tr>\n",
       "      <th>33</th>\n",
       "      <td>104.0</td>\n",
       "      <td>101.0</td>\n",
       "      <td>0.165137</td>\n",
       "      <td>0.824646</td>\n",
       "    </tr>\n",
       "    <tr>\n",
       "      <th>34</th>\n",
       "      <td>104.0</td>\n",
       "      <td>102.0</td>\n",
       "      <td>0.055323</td>\n",
       "      <td>0.549306</td>\n",
       "    </tr>\n",
       "  </tbody>\n",
       "</table>\n",
       "</div>"
      ],
      "text/plain": [
       "    Consumer  Producer  Consumerrating  Producerrating\n",
       "0      102.0     100.0        0.942346        0.037362\n",
       "1      104.0     100.0        0.650965        0.027784\n",
       "2      102.0     100.0        0.465338        0.282546\n",
       "3      103.0     100.0        0.608774        0.989558\n",
       "4      103.0     100.0        0.852704        0.944206\n",
       "5      104.0     100.0        0.608627        0.604409\n",
       "6      101.0     100.0        0.662482        0.156285\n",
       "7      104.0     101.0        0.547612        0.406387\n",
       "8      103.0     101.0        0.219768        0.212799\n",
       "9      104.0     101.0        0.829699        0.381784\n",
       "10     102.0     101.0        0.944889        0.798545\n",
       "11     103.0     101.0        0.761181        0.003491\n",
       "12     101.0     100.0        0.326940        0.622835\n",
       "13     102.0     101.0        0.193621        0.359118\n",
       "14     102.0     100.0        0.090292        0.908051\n",
       "15     102.0     100.0        0.271097        0.241235\n",
       "16     103.0     102.0        0.455352        0.262460\n",
       "17     103.0     102.0        0.942865        0.597961\n",
       "18     104.0     102.0        0.511661        0.986380\n",
       "19     103.0     101.0        0.987197        0.100530\n",
       "20     103.0     100.0        0.414119        0.248922\n",
       "21     103.0     100.0        0.465265        0.445361\n",
       "22     104.0     103.0        0.225772        0.741396\n",
       "23     103.0     100.0        0.685896        0.054805\n",
       "24     104.0     103.0        0.558107        0.592974\n",
       "25     104.0     103.0        0.213682        0.268665\n",
       "26     104.0     101.0        0.279260        0.640985\n",
       "27     104.0     100.0        0.824616        0.285085\n",
       "28     104.0     102.0        0.540541        0.683871\n",
       "29     104.0     102.0        0.456419        0.007322\n",
       "30     104.0     102.0        0.953204        0.278608\n",
       "31     104.0     102.0        0.140816        0.151808\n",
       "32     104.0     100.0        0.672017        0.288364\n",
       "33     104.0     101.0        0.165137        0.824646\n",
       "34     104.0     102.0        0.055323        0.549306"
      ]
     },
     "execution_count": 81,
     "metadata": {},
     "output_type": "execute_result"
    }
   ],
   "source": [
    "uniqueid1list = dt.Consumer.unique().tolist()\n",
    "print(uniqueid1list)\n",
    "dn = pd.DataFrame()\n",
    "indexlist = []\n",
    "for i in uniqueid1list:\n",
    "    for index,row in dt.iterrows():\n",
    "        row = row.copy()\n",
    "        if row['Producer'] == i: #and index not in indexlist\n",
    "            dt.loc[index, 'Producer'] = row['Consumer']\n",
    "            dt.loc[index, 'Consumer'] = row['Producer']\n",
    "#             indexlist.append(index)\n",
    "#     if i in uniqueid1list:\n",
    "#             uniqueid1list.remove(i)\n",
    "#     dt = dt.sort_values('userID1')\n",
    "        \n",
    "\n",
    "# dx = dt.sort_values('userID1', ignore_index=True)\n",
    "dt"
   ]
  },
  {
   "cell_type": "code",
   "execution_count": 82,
   "metadata": {},
   "outputs": [],
   "source": [
    "#attack scenario\n",
    "scenario = 1#2, 3, 4\n",
    "no_of_fake_feedback = 50\n",
    "#get the first row users\n",
    "dt.head(1).Consumer.item()\n",
    "for i in range(no_of_fake_feedback):\n",
    "    if scenario == 1:\n",
    "        new_row = {'Consumer': dt.head(1).Consumer.item(), 'Producer':dt.head(1).Producer.item(), 'Consumerrating':1, 'Producerrating':random.uniform(0, 1)}\n",
    "    elif scenario == 2:\n",
    "        new_row = {'Consumer': dt.head(1).Consumer.item(), 'Producer':dt.head(1).Producer.item(), 'Consumerrating':0.001, 'Producerrating':random.uniform(0, 1)}\n",
    "    elif scenario == 3:\n",
    "        new_row = {'Consumer': dt.head(1).Consumer.item(), 'Producer':dt.head(1).Producer.item(), 'Consumerrating':1, 'Producerrating':1}\n",
    "    elif scenario == 4:\n",
    "        new_row = {'Consumer': dt.head(1).Consumer.item(), 'Producer':dt.head(1).Producer.item(), 'Consumerrating':random.uniform(0, 1), 'Producerrating':0.001}\n",
    "        \n",
    "    dt = dt.append(new_row, ignore_index=True)\n",
    "    \n"
   ]
  },
  {
   "cell_type": "code",
   "execution_count": 83,
   "metadata": {},
   "outputs": [
    {
     "data": {
      "text/html": [
       "<div>\n",
       "<style scoped>\n",
       "    .dataframe tbody tr th:only-of-type {\n",
       "        vertical-align: middle;\n",
       "    }\n",
       "\n",
       "    .dataframe tbody tr th {\n",
       "        vertical-align: top;\n",
       "    }\n",
       "\n",
       "    .dataframe thead th {\n",
       "        text-align: right;\n",
       "    }\n",
       "</style>\n",
       "<table border=\"1\" class=\"dataframe\">\n",
       "  <thead>\n",
       "    <tr style=\"text-align: right;\">\n",
       "      <th></th>\n",
       "      <th>Consumer</th>\n",
       "      <th>Producer</th>\n",
       "      <th>Consumerrating</th>\n",
       "      <th>Producerrating</th>\n",
       "    </tr>\n",
       "  </thead>\n",
       "  <tbody>\n",
       "    <tr>\n",
       "      <th>0</th>\n",
       "      <td>102.0</td>\n",
       "      <td>100.0</td>\n",
       "      <td>0.942346</td>\n",
       "      <td>0.037362</td>\n",
       "    </tr>\n",
       "    <tr>\n",
       "      <th>1</th>\n",
       "      <td>104.0</td>\n",
       "      <td>100.0</td>\n",
       "      <td>0.650965</td>\n",
       "      <td>0.027784</td>\n",
       "    </tr>\n",
       "    <tr>\n",
       "      <th>2</th>\n",
       "      <td>102.0</td>\n",
       "      <td>100.0</td>\n",
       "      <td>0.465338</td>\n",
       "      <td>0.282546</td>\n",
       "    </tr>\n",
       "    <tr>\n",
       "      <th>3</th>\n",
       "      <td>103.0</td>\n",
       "      <td>100.0</td>\n",
       "      <td>0.608774</td>\n",
       "      <td>0.989558</td>\n",
       "    </tr>\n",
       "    <tr>\n",
       "      <th>4</th>\n",
       "      <td>103.0</td>\n",
       "      <td>100.0</td>\n",
       "      <td>0.852704</td>\n",
       "      <td>0.944206</td>\n",
       "    </tr>\n",
       "    <tr>\n",
       "      <th>...</th>\n",
       "      <td>...</td>\n",
       "      <td>...</td>\n",
       "      <td>...</td>\n",
       "      <td>...</td>\n",
       "    </tr>\n",
       "    <tr>\n",
       "      <th>80</th>\n",
       "      <td>102.0</td>\n",
       "      <td>100.0</td>\n",
       "      <td>1.000000</td>\n",
       "      <td>0.607963</td>\n",
       "    </tr>\n",
       "    <tr>\n",
       "      <th>81</th>\n",
       "      <td>102.0</td>\n",
       "      <td>100.0</td>\n",
       "      <td>1.000000</td>\n",
       "      <td>0.957353</td>\n",
       "    </tr>\n",
       "    <tr>\n",
       "      <th>82</th>\n",
       "      <td>102.0</td>\n",
       "      <td>100.0</td>\n",
       "      <td>1.000000</td>\n",
       "      <td>0.068053</td>\n",
       "    </tr>\n",
       "    <tr>\n",
       "      <th>83</th>\n",
       "      <td>102.0</td>\n",
       "      <td>100.0</td>\n",
       "      <td>1.000000</td>\n",
       "      <td>0.211972</td>\n",
       "    </tr>\n",
       "    <tr>\n",
       "      <th>84</th>\n",
       "      <td>102.0</td>\n",
       "      <td>100.0</td>\n",
       "      <td>1.000000</td>\n",
       "      <td>0.474841</td>\n",
       "    </tr>\n",
       "  </tbody>\n",
       "</table>\n",
       "<p>85 rows × 4 columns</p>\n",
       "</div>"
      ],
      "text/plain": [
       "    Consumer  Producer  Consumerrating  Producerrating\n",
       "0      102.0     100.0        0.942346        0.037362\n",
       "1      104.0     100.0        0.650965        0.027784\n",
       "2      102.0     100.0        0.465338        0.282546\n",
       "3      103.0     100.0        0.608774        0.989558\n",
       "4      103.0     100.0        0.852704        0.944206\n",
       "..       ...       ...             ...             ...\n",
       "80     102.0     100.0        1.000000        0.607963\n",
       "81     102.0     100.0        1.000000        0.957353\n",
       "82     102.0     100.0        1.000000        0.068053\n",
       "83     102.0     100.0        1.000000        0.211972\n",
       "84     102.0     100.0        1.000000        0.474841\n",
       "\n",
       "[85 rows x 4 columns]"
      ]
     },
     "execution_count": 83,
     "metadata": {},
     "output_type": "execute_result"
    }
   ],
   "source": [
    "dt"
   ]
  },
  {
   "cell_type": "code",
   "execution_count": 84,
   "metadata": {},
   "outputs": [],
   "source": [
    "# dt.sort_values('userID1')\n",
    "# dt['userID1']\n",
    "\n",
    "user = 'Consumer'\n",
    "if user == 'Consumer':\n",
    "    vd = dt.groupby(['Consumer', 'Producer'])\n",
    "# vd['rating1'].sum()\n",
    "# vd['rating1'].mean()"
   ]
  },
  {
   "cell_type": "code",
   "execution_count": 85,
   "metadata": {},
   "outputs": [
    {
     "name": "stdout",
     "output_type": "stream",
     "text": [
      "    Consumer  Producer  Consumerrating  Producerrating\n",
      "6      101.0     100.0        0.662482        0.156285\n",
      "12     101.0     100.0        0.326940        0.622835\n",
      "    Consumer  Producer  Consumerrating  Producerrating\n",
      "0      102.0     100.0        0.942346        0.037362\n",
      "2      102.0     100.0        0.465338        0.282546\n",
      "14     102.0     100.0        0.090292        0.908051\n",
      "15     102.0     100.0        0.271097        0.241235\n",
      "35     102.0     100.0        1.000000        0.973012\n",
      "36     102.0     100.0        1.000000        0.924324\n",
      "37     102.0     100.0        1.000000        0.596349\n",
      "38     102.0     100.0        1.000000        0.270561\n",
      "39     102.0     100.0        1.000000        0.214370\n",
      "40     102.0     100.0        1.000000        0.150130\n",
      "41     102.0     100.0        1.000000        0.431232\n",
      "42     102.0     100.0        1.000000        0.269404\n",
      "43     102.0     100.0        1.000000        0.914319\n",
      "44     102.0     100.0        1.000000        0.723935\n",
      "45     102.0     100.0        1.000000        0.428100\n",
      "46     102.0     100.0        1.000000        0.946813\n",
      "47     102.0     100.0        1.000000        0.663060\n",
      "48     102.0     100.0        1.000000        0.651623\n",
      "49     102.0     100.0        1.000000        0.740371\n",
      "50     102.0     100.0        1.000000        0.614056\n",
      "51     102.0     100.0        1.000000        0.710786\n",
      "52     102.0     100.0        1.000000        0.232468\n",
      "53     102.0     100.0        1.000000        0.413784\n",
      "54     102.0     100.0        1.000000        0.677645\n",
      "55     102.0     100.0        1.000000        0.104493\n",
      "56     102.0     100.0        1.000000        0.138033\n",
      "57     102.0     100.0        1.000000        0.468493\n",
      "58     102.0     100.0        1.000000        0.674618\n",
      "59     102.0     100.0        1.000000        0.939048\n",
      "60     102.0     100.0        1.000000        0.844928\n",
      "61     102.0     100.0        1.000000        0.073993\n",
      "62     102.0     100.0        1.000000        0.978730\n",
      "63     102.0     100.0        1.000000        0.301870\n",
      "64     102.0     100.0        1.000000        0.007314\n",
      "65     102.0     100.0        1.000000        0.165909\n",
      "66     102.0     100.0        1.000000        0.480204\n",
      "67     102.0     100.0        1.000000        0.096972\n",
      "68     102.0     100.0        1.000000        0.050389\n",
      "69     102.0     100.0        1.000000        0.148870\n",
      "70     102.0     100.0        1.000000        0.824329\n",
      "71     102.0     100.0        1.000000        0.802434\n",
      "72     102.0     100.0        1.000000        0.292989\n",
      "73     102.0     100.0        1.000000        0.452780\n",
      "74     102.0     100.0        1.000000        0.764385\n",
      "75     102.0     100.0        1.000000        0.143000\n",
      "76     102.0     100.0        1.000000        0.653561\n",
      "77     102.0     100.0        1.000000        0.068791\n",
      "78     102.0     100.0        1.000000        0.383399\n",
      "79     102.0     100.0        1.000000        0.762172\n",
      "80     102.0     100.0        1.000000        0.607963\n",
      "81     102.0     100.0        1.000000        0.957353\n",
      "82     102.0     100.0        1.000000        0.068053\n",
      "83     102.0     100.0        1.000000        0.211972\n",
      "84     102.0     100.0        1.000000        0.474841\n",
      "    Consumer  Producer  Consumerrating  Producerrating\n",
      "10     102.0     101.0        0.944889        0.798545\n",
      "13     102.0     101.0        0.193621        0.359118\n",
      "    Consumer  Producer  Consumerrating  Producerrating\n",
      "3      103.0     100.0        0.608774        0.989558\n",
      "4      103.0     100.0        0.852704        0.944206\n",
      "20     103.0     100.0        0.414119        0.248922\n",
      "21     103.0     100.0        0.465265        0.445361\n",
      "23     103.0     100.0        0.685896        0.054805\n",
      "    Consumer  Producer  Consumerrating  Producerrating\n",
      "8      103.0     101.0        0.219768        0.212799\n",
      "11     103.0     101.0        0.761181        0.003491\n",
      "19     103.0     101.0        0.987197        0.100530\n",
      "    Consumer  Producer  Consumerrating  Producerrating\n",
      "16     103.0     102.0        0.455352        0.262460\n",
      "17     103.0     102.0        0.942865        0.597961\n",
      "    Consumer  Producer  Consumerrating  Producerrating\n",
      "1      104.0     100.0        0.650965        0.027784\n",
      "5      104.0     100.0        0.608627        0.604409\n",
      "27     104.0     100.0        0.824616        0.285085\n",
      "32     104.0     100.0        0.672017        0.288364\n",
      "    Consumer  Producer  Consumerrating  Producerrating\n",
      "7      104.0     101.0        0.547612        0.406387\n",
      "9      104.0     101.0        0.829699        0.381784\n",
      "26     104.0     101.0        0.279260        0.640985\n",
      "33     104.0     101.0        0.165137        0.824646\n",
      "    Consumer  Producer  Consumerrating  Producerrating\n",
      "18     104.0     102.0        0.511661        0.986380\n",
      "28     104.0     102.0        0.540541        0.683871\n",
      "29     104.0     102.0        0.456419        0.007322\n",
      "30     104.0     102.0        0.953204        0.278608\n",
      "31     104.0     102.0        0.140816        0.151808\n",
      "34     104.0     102.0        0.055323        0.549306\n",
      "    Consumer  Producer  Consumerrating  Producerrating\n",
      "22     104.0     103.0        0.225772        0.741396\n",
      "24     104.0     103.0        0.558107        0.592974\n",
      "25     104.0     103.0        0.213682        0.268665\n"
     ]
    }
   ],
   "source": [
    "for k, uid in vd:\n",
    "    print(uid)"
   ]
  },
  {
   "cell_type": "code",
   "execution_count": 86,
   "metadata": {},
   "outputs": [],
   "source": [
    "\n",
    "def get_uid(vd, phi, decay, user):\n",
    "    newDF = pd.DataFrame()\n",
    "        \n",
    "    for k, uid in vd:\n",
    "        itr_list = uid[user+'rating'].tolist()\n",
    "#         print(itr_list)\n",
    "        cum_rj = 0\n",
    "        cum_sj = 0\n",
    "        exp_val_n = len(itr_list)\n",
    "        count = 0\n",
    "        sj_list = []\n",
    "        rj_list = []\n",
    "        cum_sj_list = []\n",
    "        cum_rj_list = []\n",
    "        \n",
    "#         for i in itr_list:\n",
    "        print('=========================================================')\n",
    "        for index, row in uid.iterrows():\n",
    "            count += 1\n",
    "            rj = ((1- row[user+'rating']) * phi) * (decay **(exp_val_n - count)) #disatisfaction\n",
    "            sj = ((1+ row[user+'rating']) * phi) * (decay **(exp_val_n - count)) #satisfaction\n",
    "            cum_rj += rj\n",
    "            cum_sj += sj\n",
    "            \n",
    "\n",
    "#             print('rj ='+ str(rj)+', sj = '+str(sj))\n",
    "            sj_list.append(sj)\n",
    "            rj_list.append(rj)\n",
    "            cum_sj_list.append(cum_sj)\n",
    "            cum_rj_list.append(cum_rj)\n",
    "            \n",
    "            \n",
    "        \n",
    "#         print('vendor = '+ str(k)+', st ='+ str(rj)+', ds = '+str(sj))\n",
    "        uid[user+'dis'] = rj_list  #disatisfaction list\n",
    "        uid[user+'sat'] = sj_list #satisfaction list\n",
    "        uid[user+'cum_dis'] = cum_rj_list #cummilative disatisfaction list\n",
    "        uid[user+'cum_sat'] = cum_sj_list #cummilative satisfaction list\n",
    "        \n",
    "\n",
    "        print(uid)\n",
    "        newDF = newDF.append(uid, ignore_index = True)\n",
    "    return newDF\n",
    "\n"
   ]
  },
  {
   "cell_type": "code",
   "execution_count": 87,
   "metadata": {},
   "outputs": [
    {
     "name": "stdout",
     "output_type": "stream",
     "text": [
      "=========================================================\n",
      "    Consumer  Producer  Consumerrating  Producerrating  Consumerdis  \\\n",
      "6      101.0     100.0        0.662482        0.156285     0.084379   \n",
      "12     101.0     100.0        0.326940        0.622835     0.336530   \n",
      "\n",
      "    Consumersat  Consumercum_dis  Consumercum_sat  \n",
      "6      0.415621         0.084379         0.415621  \n",
      "12     0.663470         0.420910         1.079090  \n",
      "=========================================================\n",
