{
 "cells": [
  {
   "cell_type": "code",
   "execution_count": 1,
   "metadata": {},
   "outputs": [],
   "source": [
    "import random\n",
    "import itertools\n",
    "import numpy as np\n",
    "import pandas as pd\n",
    "n_transactions = 40\n",
    "phi = 0.5\n",
    "x = tuple(range(0,100))\n",
    "# interactions = [(random.randrange(-1, 1), random.randrange(-1, 1)) for i in range(n_transactions)]"
   ]
  },
  {
   "cell_type": "code",
   "execution_count": 2,
   "metadata": {},
   "outputs": [
    {
     "name": "stdout",
     "output_type": "stream",
     "text": [
      "0      True\n",
      "1      True\n",
      "2      True\n",
      "3      True\n",
      "4     False\n",
      "5      True\n",
      "6     False\n",
      "7      True\n",
      "8      True\n",
      "9      True\n",
      "10     True\n",
      "11     True\n",
      "12     True\n",
      "13     True\n",
      "14     True\n",
      "15     True\n",
      "16     True\n",
      "17     True\n",
      "18     True\n",
      "19     True\n",
      "20     True\n",
      "21    False\n",
      "22    False\n",
      "23     True\n",
      "24    False\n",
      "25    False\n",
      "26     True\n",
      "27    False\n",
      "28     True\n",
      "29     True\n",
      "30     True\n",
      "31     True\n",
      "32     True\n",
      "33     True\n",
      "34     True\n",
      "35     True\n",
      "36    False\n",
      "37    False\n",
      "38     True\n",
      "39     True\n",
      "dtype: bool\n"
     ]
    },
    {
     "data": {
      "text/html": [
       "<div>\n",
       "<style scoped>\n",
       "    .dataframe tbody tr th:only-of-type {\n",
       "        vertical-align: middle;\n",
       "    }\n",
       "\n",
       "    .dataframe tbody tr th {\n",
       "        vertical-align: top;\n",
       "    }\n",
       "\n",
       "    .dataframe thead th {\n",
       "        text-align: right;\n",
       "    }\n",
       "</style>\n",
       "<table border=\"1\" class=\"dataframe\">\n",
       "  <thead>\n",
       "    <tr style=\"text-align: right;\">\n",
       "      <th></th>\n",
       "      <th>Consumer</th>\n",
       "      <th>Producer</th>\n",
       "      <th>Consumerrating</th>\n",
       "      <th>Producerrating</th>\n",
       "    </tr>\n",
       "  </thead>\n",
       "  <tbody>\n",
       "    <tr>\n",
       "      <th>0</th>\n",
       "      <td>100</td>\n",
       "      <td>103</td>\n",
       "      <td>0.611424</td>\n",
       "      <td>0.008308</td>\n",
       "    </tr>\n",
       "    <tr>\n",
       "      <th>1</th>\n",
       "      <td>100</td>\n",
       "      <td>102</td>\n",
       "      <td>0.198118</td>\n",
       "      <td>0.881095</td>\n",
       "    </tr>\n",
       "    <tr>\n",
       "      <th>2</th>\n",
       "      <td>100</td>\n",
       "      <td>101</td>\n",
       "      <td>0.581034</td>\n",
       "      <td>0.632040</td>\n",
       "    </tr>\n",
       "    <tr>\n",
       "      <th>3</th>\n",
       "      <td>100</td>\n",
       "      <td>102</td>\n",
       "      <td>0.037836</td>\n",
       "      <td>0.827647</td>\n",
       "    </tr>\n",
       "    <tr>\n",
       "      <th>4</th>\n",
       "      <td>100</td>\n",
       "      <td>102</td>\n",
       "      <td>0.862874</td>\n",
       "      <td>0.950229</td>\n",
       "    </tr>\n",
       "    <tr>\n",
       "      <th>5</th>\n",
       "      <td>101</td>\n",
       "      <td>100</td>\n",
       "      <td>0.931562</td>\n",
       "      <td>0.889708</td>\n",
       "    </tr>\n",
       "    <tr>\n",
       "      <th>6</th>\n",
       "      <td>101</td>\n",
       "      <td>100</td>\n",
       "      <td>0.303260</td>\n",
       "      <td>0.626247</td>\n",
       "    </tr>\n",
       "    <tr>\n",
       "      <th>7</th>\n",
       "      <td>101</td>\n",
       "      <td>102</td>\n",
       "      <td>0.559733</td>\n",
       "      <td>0.356391</td>\n",
       "    </tr>\n",
       "    <tr>\n",
       "      <th>8</th>\n",
       "      <td>101</td>\n",
       "      <td>104</td>\n",
       "      <td>0.387923</td>\n",
       "      <td>0.606555</td>\n",
       "    </tr>\n",
       "    <tr>\n",
       "      <th>9</th>\n",
       "      <td>101</td>\n",
       "      <td>104</td>\n",
       "      <td>0.512006</td>\n",
       "      <td>0.640940</td>\n",
       "    </tr>\n",
       "    <tr>\n",
       "      <th>10</th>\n",
       "      <td>102</td>\n",
       "      <td>101</td>\n",
       "      <td>0.021283</td>\n",
       "      <td>0.346929</td>\n",
       "    </tr>\n",
       "    <tr>\n",
       "      <th>11</th>\n",
       "      <td>102</td>\n",
       "      <td>103</td>\n",
       "      <td>0.787917</td>\n",
       "      <td>0.858078</td>\n",
       "    </tr>\n",
       "    <tr>\n",
       "      <th>12</th>\n",
       "      <td>102</td>\n",
       "      <td>104</td>\n",
       "      <td>0.995745</td>\n",
       "      <td>0.996741</td>\n",
       "    </tr>\n",
       "    <tr>\n",
       "      <th>13</th>\n",
       "      <td>102</td>\n",
       "      <td>100</td>\n",
       "      <td>0.432669</td>\n",
       "      <td>0.057039</td>\n",
       "    </tr>\n",
       "    <tr>\n",
       "      <th>14</th>\n",
       "      <td>102</td>\n",
       "      <td>101</td>\n",
       "      <td>0.518001</td>\n",
       "      <td>0.661965</td>\n",
       "    </tr>\n",
       "    <tr>\n",
       "      <th>15</th>\n",
       "      <td>102</td>\n",
       "      <td>100</td>\n",
       "      <td>0.905234</td>\n",
       "      <td>0.363332</td>\n",
       "    </tr>\n",
       "    <tr>\n",
       "      <th>16</th>\n",
       "      <td>102</td>\n",
       "      <td>100</td>\n",
       "      <td>0.913184</td>\n",
       "      <td>0.654069</td>\n",
       "    </tr>\n",
       "    <tr>\n",
       "      <th>17</th>\n",
       "      <td>102</td>\n",
       "      <td>100</td>\n",
       "      <td>0.813571</td>\n",
       "      <td>0.035295</td>\n",
       "    </tr>\n",
       "    <tr>\n",
       "      <th>18</th>\n",
       "      <td>103</td>\n",
       "      <td>104</td>\n",
       "      <td>0.898279</td>\n",
       "      <td>0.123747</td>\n",
       "    </tr>\n",
       "    <tr>\n",
       "      <th>19</th>\n",
       "      <td>103</td>\n",
       "      <td>100</td>\n",
       "      <td>0.553904</td>\n",
       "      <td>0.406160</td>\n",
       "    </tr>\n",
       "    <tr>\n",
       "      <th>20</th>\n",
       "      <td>104</td>\n",
       "      <td>102</td>\n",
       "      <td>0.018833</td>\n",
       "      <td>0.548362</td>\n",
       "    </tr>\n",
       "    <tr>\n",
       "      <th>21</th>\n",
       "      <td>104</td>\n",
       "      <td>102</td>\n",
       "      <td>0.952067</td>\n",
       "      <td>0.953754</td>\n",
       "    </tr>\n",
       "    <tr>\n",
       "      <th>22</th>\n",
       "      <td>104</td>\n",
       "      <td>100</td>\n",
       "      <td>0.373706</td>\n",
       "      <td>0.299978</td>\n",
       "    </tr>\n",
       "    <tr>\n",
       "      <th>23</th>\n",
       "      <td>104</td>\n",
       "      <td>100</td>\n",
       "      <td>0.797137</td>\n",
       "      <td>0.228352</td>\n",
       "    </tr>\n",
       "    <tr>\n",
       "      <th>24</th>\n",
       "      <td>104</td>\n",
       "      <td>100</td>\n",
       "      <td>0.361663</td>\n",
       "      <td>0.301051</td>\n",
       "    </tr>\n",
       "    <tr>\n",
       "      <th>25</th>\n",
       "      <td>104</td>\n",
       "      <td>100</td>\n",
       "      <td>0.003154</td>\n",
       "      <td>0.132446</td>\n",
       "    </tr>\n",
       "    <tr>\n",
       "      <th>26</th>\n",
       "      <td>104</td>\n",
       "      <td>103</td>\n",
       "      <td>0.570308</td>\n",
       "      <td>0.568253</td>\n",
       "    </tr>\n",
       "    <tr>\n",
       "      <th>27</th>\n",
       "      <td>104</td>\n",
       "      <td>102</td>\n",
       "      <td>0.908708</td>\n",
       "      <td>0.098494</td>\n",
       "    </tr>\n",
       "    <tr>\n",
       "      <th>28</th>\n",
       "      <td>104</td>\n",
       "      <td>101</td>\n",
       "      <td>0.180230</td>\n",
       "      <td>0.281066</td>\n",
       "    </tr>\n",
       "    <tr>\n",
       "      <th>29</th>\n",
       "      <td>104</td>\n",
       "      <td>102</td>\n",
       "      <td>0.020687</td>\n",
       "      <td>0.927782</td>\n",
       "    </tr>\n",
       "    <tr>\n",
       "      <th>30</th>\n",
       "      <td>104</td>\n",
       "      <td>100</td>\n",
       "      <td>0.788416</td>\n",
       "      <td>0.637329</td>\n",
       "    </tr>\n",
       "  </tbody>\n",
       "</table>\n",
       "</div>"
      ],
      "text/plain": [
       "    Consumer  Producer  Consumerrating  Producerrating\n",
       "0        100       103        0.611424        0.008308\n",
       "1        100       102        0.198118        0.881095\n",
       "2        100       101        0.581034        0.632040\n",
       "3        100       102        0.037836        0.827647\n",
       "4        100       102        0.862874        0.950229\n",
       "5        101       100        0.931562        0.889708\n",
       "6        101       100        0.303260        0.626247\n",
       "7        101       102        0.559733        0.356391\n",
       "8        101       104        0.387923        0.606555\n",
       "9        101       104        0.512006        0.640940\n",
       "10       102       101        0.021283        0.346929\n",
       "11       102       103        0.787917        0.858078\n",
       "12       102       104        0.995745        0.996741\n",
       "13       102       100        0.432669        0.057039\n",
       "14       102       101        0.518001        0.661965\n",
       "15       102       100        0.905234        0.363332\n",
       "16       102       100        0.913184        0.654069\n",
       "17       102       100        0.813571        0.035295\n",
       "18       103       104        0.898279        0.123747\n",
       "19       103       100        0.553904        0.406160\n",
       "20       104       102        0.018833        0.548362\n",
       "21       104       102        0.952067        0.953754\n",
       "22       104       100        0.373706        0.299978\n",
       "23       104       100        0.797137        0.228352\n",
       "24       104       100        0.361663        0.301051\n",
       "25       104       100        0.003154        0.132446\n",
       "26       104       103        0.570308        0.568253\n",
       "27       104       102        0.908708        0.098494\n",
       "28       104       101        0.180230        0.281066\n",
       "29       104       102        0.020687        0.927782\n",
       "30       104       100        0.788416        0.637329"
      ]
     },
     "execution_count": 2,
     "metadata": {},
     "output_type": "execute_result"
    }
   ],
   "source": [
    "interactions2 = [(random.randrange(100, 105), random.randrange(100, 105), random.uniform(0, 1), random.uniform(0, 1)) for i in range(n_transactions)]\n",
    "# interactions2 = [(random.randrange(100, 105), random.randrange(110, 115), random.randrange(-1, 1), random.randrange(-1, 1)) for i in range(n_transactions)]\n",
    "\n",
    "# interactions2\n",
    "dt = pd.DataFrame(interactions2, columns=['Consumer', 'Producer', 'Consumerrating', 'Producerrating'])\n",
    "# dt.head(20)\n",
    "print (dt['Consumer'] != dt['Producer'])\n",
    "dt = dt[dt['Consumer'] != dt['Producer']]\n",
    "dt.reset_index(drop=True, inplace=True)\n",
    "dt\n",
    "# print (dt['userID1'] != dt['userID2'])\n",
    "dt = dt.sort_values('Consumer', ignore_index=True)\n",
    "dt"
   ]
  },
  {
   "cell_type": "code",
   "execution_count": 3,
   "metadata": {},
   "outputs": [
    {
     "name": "stdout",
     "output_type": "stream",
     "text": [
      "[100, 101, 102, 103, 104]\n"
     ]
    },
    {
     "data": {
      "text/html": [
       "<div>\n",
       "<style scoped>\n",
       "    .dataframe tbody tr th:only-of-type {\n",
       "        vertical-align: middle;\n",
       "    }\n",
       "\n",
       "    .dataframe tbody tr th {\n",
       "        vertical-align: top;\n",
       "    }\n",
       "\n",
       "    .dataframe thead th {\n",
       "        text-align: right;\n",
       "    }\n",
       "</style>\n",
       "<table border=\"1\" class=\"dataframe\">\n",
       "  <thead>\n",
       "    <tr style=\"text-align: right;\">\n",
       "      <th></th>\n",
       "      <th>Consumer</th>\n",
       "      <th>Producer</th>\n",
       "      <th>Consumerrating</th>\n",
       "      <th>Producerrating</th>\n",
       "    </tr>\n",
       "  </thead>\n",
       "  <tbody>\n",
       "    <tr>\n",
       "      <th>0</th>\n",
       "      <td>103.0</td>\n",
       "      <td>100.0</td>\n",
       "      <td>0.611424</td>\n",
       "      <td>0.008308</td>\n",
       "    </tr>\n",
       "    <tr>\n",
       "      <th>1</th>\n",
       "      <td>102.0</td>\n",
       "      <td>100.0</td>\n",
       "      <td>0.198118</td>\n",
       "      <td>0.881095</td>\n",
       "    </tr>\n",
       "    <tr>\n",
       "      <th>2</th>\n",
       "      <td>101.0</td>\n",
       "      <td>100.0</td>\n",
       "      <td>0.581034</td>\n",
       "      <td>0.632040</td>\n",
       "    </tr>\n",
       "    <tr>\n",
       "      <th>3</th>\n",
       "      <td>102.0</td>\n",
       "      <td>100.0</td>\n",
       "      <td>0.037836</td>\n",
       "      <td>0.827647</td>\n",
       "    </tr>\n",
       "    <tr>\n",
       "      <th>4</th>\n",
       "      <td>102.0</td>\n",
       "      <td>100.0</td>\n",
       "      <td>0.862874</td>\n",
       "      <td>0.950229</td>\n",
       "    </tr>\n",
       "    <tr>\n",
       "      <th>5</th>\n",
       "      <td>101.0</td>\n",
       "      <td>100.0</td>\n",
       "      <td>0.931562</td>\n",
       "      <td>0.889708</td>\n",
       "    </tr>\n",
       "    <tr>\n",
       "      <th>6</th>\n",
       "      <td>101.0</td>\n",
       "      <td>100.0</td>\n",
       "      <td>0.303260</td>\n",
       "      <td>0.626247</td>\n",
       "    </tr>\n",
       "    <tr>\n",
       "      <th>7</th>\n",
       "      <td>102.0</td>\n",
       "      <td>101.0</td>\n",
       "      <td>0.559733</td>\n",
       "      <td>0.356391</td>\n",
       "    </tr>\n",
       "    <tr>\n",
       "      <th>8</th>\n",
       "      <td>104.0</td>\n",
       "      <td>101.0</td>\n",
       "      <td>0.387923</td>\n",
       "      <td>0.606555</td>\n",
       "    </tr>\n",
       "    <tr>\n",
       "      <th>9</th>\n",
       "      <td>104.0</td>\n",
       "      <td>101.0</td>\n",
       "      <td>0.512006</td>\n",
       "      <td>0.640940</td>\n",
       "    </tr>\n",
       "    <tr>\n",
       "      <th>10</th>\n",
       "      <td>102.0</td>\n",
       "      <td>101.0</td>\n",
       "      <td>0.021283</td>\n",
       "      <td>0.346929</td>\n",
       "    </tr>\n",
       "    <tr>\n",
       "      <th>11</th>\n",
       "      <td>103.0</td>\n",
       "      <td>102.0</td>\n",
       "      <td>0.787917</td>\n",
       "      <td>0.858078</td>\n",
       "    </tr>\n",
       "    <tr>\n",
       "      <th>12</th>\n",
       "      <td>104.0</td>\n",
       "      <td>102.0</td>\n",
       "      <td>0.995745</td>\n",
       "      <td>0.996741</td>\n",
       "    </tr>\n",
       "    <tr>\n",
       "      <th>13</th>\n",
       "      <td>102.0</td>\n",
       "      <td>100.0</td>\n",
       "      <td>0.432669</td>\n",
       "      <td>0.057039</td>\n",
       "    </tr>\n",
       "    <tr>\n",
       "      <th>14</th>\n",
       "      <td>102.0</td>\n",
       "      <td>101.0</td>\n",
       "      <td>0.518001</td>\n",
       "      <td>0.661965</td>\n",
       "    </tr>\n",
       "    <tr>\n",
       "      <th>15</th>\n",
       "      <td>102.0</td>\n",
       "      <td>100.0</td>\n",
       "      <td>0.905234</td>\n",
       "      <td>0.363332</td>\n",
       "    </tr>\n",
       "    <tr>\n",
       "      <th>16</th>\n",
       "      <td>102.0</td>\n",
       "      <td>100.0</td>\n",
       "      <td>0.913184</td>\n",
       "      <td>0.654069</td>\n",
       "    </tr>\n",
       "    <tr>\n",
       "      <th>17</th>\n",
       "      <td>102.0</td>\n",
       "      <td>100.0</td>\n",
       "      <td>0.813571</td>\n",
       "      <td>0.035295</td>\n",
       "    </tr>\n",
       "    <tr>\n",
       "      <th>18</th>\n",
       "      <td>104.0</td>\n",
       "      <td>103.0</td>\n",
       "      <td>0.898279</td>\n",
       "      <td>0.123747</td>\n",
       "    </tr>\n",
       "    <tr>\n",
       "      <th>19</th>\n",
       "      <td>103.0</td>\n",
       "      <td>100.0</td>\n",
       "      <td>0.553904</td>\n",
       "      <td>0.406160</td>\n",
       "    </tr>\n",
       "    <tr>\n",
       "      <th>20</th>\n",
       "      <td>104.0</td>\n",
       "      <td>102.0</td>\n",
       "      <td>0.018833</td>\n",
       "      <td>0.548362</td>\n",
       "    </tr>\n",
       "    <tr>\n",
       "      <th>21</th>\n",
       "      <td>104.0</td>\n",
       "      <td>102.0</td>\n",
       "      <td>0.952067</td>\n",
       "      <td>0.953754</td>\n",
       "    </tr>\n",
       "    <tr>\n",
       "      <th>22</th>\n",
       "      <td>104.0</td>\n",
       "      <td>100.0</td>\n",
       "      <td>0.373706</td>\n",
       "      <td>0.299978</td>\n",
       "    </tr>\n",
       "    <tr>\n",
       "      <th>23</th>\n",
       "      <td>104.0</td>\n",
       "      <td>100.0</td>\n",
       "      <td>0.797137</td>\n",
       "      <td>0.228352</td>\n",
       "    </tr>\n",
       "    <tr>\n",
       "      <th>24</th>\n",
       "      <td>104.0</td>\n",
       "      <td>100.0</td>\n",
       "      <td>0.361663</td>\n",
       "      <td>0.301051</td>\n",
       "    </tr>\n",
       "    <tr>\n",
       "      <th>25</th>\n",
       "      <td>104.0</td>\n",
       "      <td>100.0</td>\n",
       "      <td>0.003154</td>\n",
       "      <td>0.132446</td>\n",
       "    </tr>\n",
       "    <tr>\n",
       "      <th>26</th>\n",
       "      <td>104.0</td>\n",
       "      <td>103.0</td>\n",
       "      <td>0.570308</td>\n",
       "      <td>0.568253</td>\n",
       "    </tr>\n",
       "    <tr>\n",
       "      <th>27</th>\n",
       "      <td>104.0</td>\n",
       "      <td>102.0</td>\n",
       "      <td>0.908708</td>\n",
       "      <td>0.098494</td>\n",
       "    </tr>\n",
       "    <tr>\n",
       "      <th>28</th>\n",
       "      <td>104.0</td>\n",
       "      <td>101.0</td>\n",
       "      <td>0.180230</td>\n",
       "      <td>0.281066</td>\n",
       "    </tr>\n",
       "    <tr>\n",
       "      <th>29</th>\n",
       "      <td>104.0</td>\n",
       "      <td>102.0</td>\n",
       "      <td>0.020687</td>\n",
       "      <td>0.927782</td>\n",
       "    </tr>\n",
       "    <tr>\n",
       "      <th>30</th>\n",
       "      <td>104.0</td>\n",
       "      <td>100.0</td>\n",
       "      <td>0.788416</td>\n",
       "      <td>0.637329</td>\n",
       "    </tr>\n",
       "  </tbody>\n",
       "</table>\n",
       "</div>"
      ],
      "text/plain": [
       "    Consumer  Producer  Consumerrating  Producerrating\n",
       "0      103.0     100.0        0.611424        0.008308\n",
       "1      102.0     100.0        0.198118        0.881095\n",
       "2      101.0     100.0        0.581034        0.632040\n",
       "3      102.0     100.0        0.037836        0.827647\n",
       "4      102.0     100.0        0.862874        0.950229\n",
       "5      101.0     100.0        0.931562        0.889708\n",
       "6      101.0     100.0        0.303260        0.626247\n",
       "7      102.0     101.0        0.559733        0.356391\n",
       "8      104.0     101.0        0.387923        0.606555\n",
       "9      104.0     101.0        0.512006        0.640940\n",
       "10     102.0     101.0        0.021283        0.346929\n",
       "11     103.0     102.0        0.787917        0.858078\n",
       "12     104.0     102.0        0.995745        0.996741\n",
       "13     102.0     100.0        0.432669        0.057039\n",
       "14     102.0     101.0        0.518001        0.661965\n",
       "15     102.0     100.0        0.905234        0.363332\n",
       "16     102.0     100.0        0.913184        0.654069\n",
       "17     102.0     100.0        0.813571        0.035295\n",
       "18     104.0     103.0        0.898279        0.123747\n",
       "19     103.0     100.0        0.553904        0.406160\n",
       "20     104.0     102.0        0.018833        0.548362\n",
       "21     104.0     102.0        0.952067        0.953754\n",
       "22     104.0     100.0        0.373706        0.299978\n",
       "23     104.0     100.0        0.797137        0.228352\n",
       "24     104.0     100.0        0.361663        0.301051\n",
       "25     104.0     100.0        0.003154        0.132446\n",
       "26     104.0     103.0        0.570308        0.568253\n",
       "27     104.0     102.0        0.908708        0.098494\n",
       "28     104.0     101.0        0.180230        0.281066\n",
       "29     104.0     102.0        0.020687        0.927782\n",
       "30     104.0     100.0        0.788416        0.637329"
      ]
     },
     "execution_count": 3,
     "metadata": {},
     "output_type": "execute_result"
    }
   ],
   "source": [
    "uniqueid1list = dt.Consumer.unique().tolist()\n",
    "print(uniqueid1list)\n",
    "dn = pd.DataFrame()\n",
    "indexlist = []\n",
    "for i in uniqueid1list:\n",
    "    for index,row in dt.iterrows():\n",
    "        row = row.copy()\n",
    "        if row['Producer'] == i: #and index not in indexlist\n",
    "            dt.loc[index, 'Producer'] = row['Consumer']\n",
    "            dt.loc[index, 'Consumer'] = row['Producer']\n",
    "#             indexlist.append(index)\n",
    "#     if i in uniqueid1list:\n",
    "#             uniqueid1list.remove(i)\n",
    "#     dt = dt.sort_values('userID1')\n",
    "        \n",
    "\n",
    "# dx = dt.sort_values('userID1', ignore_index=True)\n",
    "dt"
   ]
  },
  {
   "cell_type": "code",
   "execution_count": 4,
   "metadata": {},
   "outputs": [],
   "source": [
    "# dt.sort_values('userID1')\n",
    "# dt['userID1']\n",
    "\n",
    "user = 'Consumer'\n",
    "if user == 'Consumer':\n",
    "    vd = dt.groupby(['Consumer', 'Producer'])\n",
    "# vd['rating1'].sum()\n",
    "# vd['rating1'].mean()"
   ]
  },
  {
   "cell_type": "code",
   "execution_count": 5,
   "metadata": {},
   "outputs": [
    {
     "name": "stdout",
     "output_type": "stream",
     "text": [
      "   Consumer  Producer  Consumerrating  Producerrating\n",
      "2     101.0     100.0        0.581034        0.632040\n",
      "5     101.0     100.0        0.931562        0.889708\n",
      "6     101.0     100.0        0.303260        0.626247\n",
      "    Consumer  Producer  Consumerrating  Producerrating\n",
      "1      102.0     100.0        0.198118        0.881095\n",
      "3      102.0     100.0        0.037836        0.827647\n",
      "4      102.0     100.0        0.862874        0.950229\n",
      "13     102.0     100.0        0.432669        0.057039\n",
      "15     102.0     100.0        0.905234        0.363332\n",
      "16     102.0     100.0        0.913184        0.654069\n",
      "17     102.0     100.0        0.813571        0.035295\n",
      "    Consumer  Producer  Consumerrating  Producerrating\n",
      "7      102.0     101.0        0.559733        0.356391\n",
      "10     102.0     101.0        0.021283        0.346929\n",
      "14     102.0     101.0        0.518001        0.661965\n",
      "    Consumer  Producer  Consumerrating  Producerrating\n",
      "0      103.0     100.0        0.611424        0.008308\n",
      "19     103.0     100.0        0.553904        0.406160\n",
      "    Consumer  Producer  Consumerrating  Producerrating\n",
      "11     103.0     102.0        0.787917        0.858078\n",
      "    Consumer  Producer  Consumerrating  Producerrating\n",
      "22     104.0     100.0        0.373706        0.299978\n",
      "23     104.0     100.0        0.797137        0.228352\n",
      "24     104.0     100.0        0.361663        0.301051\n",
      "25     104.0     100.0        0.003154        0.132446\n",
      "30     104.0     100.0        0.788416        0.637329\n",
      "    Consumer  Producer  Consumerrating  Producerrating\n",
      "8      104.0     101.0        0.387923        0.606555\n",
      "9      104.0     101.0        0.512006        0.640940\n",
      "28     104.0     101.0        0.180230        0.281066\n",
      "    Consumer  Producer  Consumerrating  Producerrating\n",
      "12     104.0     102.0        0.995745        0.996741\n",
      "20     104.0     102.0        0.018833        0.548362\n",
      "21     104.0     102.0        0.952067        0.953754\n",
      "27     104.0     102.0        0.908708        0.098494\n",
      "29     104.0     102.0        0.020687        0.927782\n",
      "    Consumer  Producer  Consumerrating  Producerrating\n",
      "18     104.0     103.0        0.898279        0.123747\n",
      "26     104.0     103.0        0.570308        0.568253\n"
     ]
    }
   ],
   "source": [
    "for k, uid in vd:\n",
    "    print(uid)"
   ]
  },
  {
   "cell_type": "code",
   "execution_count": 6,
   "metadata": {},
   "outputs": [],
   "source": [
    "\n",
    "def get_uid(vd, phi, decay, user):\n",
    "    newDF = pd.DataFrame()\n",
    "        \n",
    "    for k, uid in vd:\n",
    "        itr_list = uid[user+'rating'].tolist()\n",
    "#         print(itr_list)\n",
    "        cum_rj = 0\n",
    "        cum_sj = 0\n",
    "        exp_val_n = len(itr_list)\n",
    "        count = 0\n",
    "        sj_list = []\n",
    "        rj_list = []\n",
    "        cum_sj_list = []\n",
    "        cum_rj_list = []\n",
    "        \n",
    "#         for i in itr_list:\n",
    "        print('=========================================================')\n",
    "        for index, row in uid.iterrows():\n",
    "            count += 1\n",
    "            rj = ((1- row[user+'rating']) * phi) * (decay **(exp_val_n - count)) #disatisfaction\n",
    "            sj = ((1+ row[user+'rating']) * phi) * (decay **(exp_val_n - count)) #satisfaction\n",
    "            cum_rj += rj\n",
    "            cum_sj += sj\n",
    "            \n",
    "\n",
    "#             print('rj ='+ str(rj)+', sj = '+str(sj))\n",
    "            sj_list.append(sj)\n",
    "            rj_list.append(rj)\n",
    "            cum_sj_list.append(cum_sj)\n",
    "            cum_rj_list.append(cum_rj)\n",
    "            \n",
    "            \n",
    "        \n",
    "#         print('vendor = '+ str(k)+', st ='+ str(rj)+', ds = '+str(sj))\n",
    "        uid[user+'dis'] = rj_list  #disatisfaction list\n",
    "        uid[user+'sat'] = sj_list #satisfaction list\n",
    "        uid[user+'cum_dis'] = cum_rj_list #cummilative disatisfaction list\n",
    "        uid[user+'cum_sat'] = cum_sj_list #cummilative satisfaction list\n",
    "        \n",
    "\n",
    "        print(uid)\n",
    "        newDF = newDF.append(uid, ignore_index = True)\n",
    "    return newDF\n",
    "\n"
   ]
  },
  {
   "cell_type": "code",
   "execution_count": 7,
   "metadata": {},
   "outputs": [
    {
     "name": "stdout",
     "output_type": "stream",
     "text": [
      "=========================================================\n",
      "   Consumer  Producer  Consumerrating  Producerrating  Consumerdis  \\\n",
      "2     101.0     100.0        0.581034        0.632040     0.209483   \n",
      "5     101.0     100.0        0.931562        0.889708     0.034219   \n",
      "6     101.0     100.0        0.303260        0.626247     0.348370   \n",
      "\n",
      "   Consumersat  Consumercum_dis  Consumercum_sat  \n",
      "2     0.790517         0.209483         0.790517  \n",
      "5     0.965781         0.243702         1.756298  \n",
      "6     0.651630         0.592072         2.407928  \n",
      "=========================================================\n",
      "    Consumer  Producer  Consumerrating  Producerrating  Consumerdis  \\\n",
      "1      102.0     100.0        0.198118        0.881095     0.400941   \n",
      "3      102.0     100.0        0.037836        0.827647     0.481082   \n",
      "4      102.0     100.0        0.862874        0.950229     0.068563   \n",
      "13     102.0     100.0        0.432669        0.057039     0.283665   \n",
      "15     102.0     100.0        0.905234        0.363332     0.047383   \n",
      "16     102.0     100.0        0.913184        0.654069     0.043408   \n",
      "17     102.0     100.0        0.813571        0.035295     0.093215   \n",
      "\n",
      "    Consumersat  Consumercum_dis  Consumercum_sat  \n",
      "1      0.599059         0.400941         0.599059  \n",
      "3      0.518918         0.882023         1.117977  \n",
      "4      0.931437         0.950586         2.049414  \n",
      "13     0.716335         1.234252         2.765748  \n",
      "15     0.952617         1.281635         3.718365  \n",
      "16     0.956592         1.325043         4.674957  \n",
      "17     0.906785         1.418257         5.581743  \n",
      "=========================================================\n",
      "    Consumer  Producer  Consumerrating  Producerrating  Consumerdis  \\\n",
      "7      102.0     101.0        0.559733        0.356391     0.220134   \n",
      "10     102.0     101.0        0.021283        0.346929     0.489359   \n",
      "14     102.0     101.0        0.518001        0.661965     0.240999   \n",
      "\n",
      "    Consumersat  Consumercum_dis  Consumercum_sat  \n",
      "7      0.779866         0.220134         0.779866  \n",
      "10     0.510641         0.709492         1.290508  \n",
      "14     0.759001         0.950491         2.049509  \n",
      "=========================================================\n",
      "    Consumer  Producer  Consumerrating  Producerrating  Consumerdis  \\\n",
      "0      103.0     100.0        0.611424        0.008308     0.194288   \n",
      "19     103.0     100.0        0.553904        0.406160     0.223048   \n",
      "\n",
      "    Consumersat  Consumercum_dis  Consumercum_sat  \n",
      "0      0.805712         0.194288         0.805712  \n",
      "19     0.776952         0.417336         1.582664  \n",
      "=========================================================\n",
      "    Consumer  Producer  Consumerrating  Producerrating  Consumerdis  \\\n",
      "11     103.0     102.0        0.787917        0.858078     0.106041   \n",
      "\n",
      "    Consumersat  Consumercum_dis  Consumercum_sat  \n",
      "11     0.893959         0.106041         0.893959  \n",
      "=========================================================\n",
      "    Consumer  Producer  Consumerrating  Producerrating  Consumerdis  \\\n",
      "22     104.0     100.0        0.373706        0.299978     0.313147   \n",
      "23     104.0     100.0        0.797137        0.228352     0.101431   \n",
      "24     104.0     100.0        0.361663        0.301051     0.319169   \n",
      "25     104.0     100.0        0.003154        0.132446     0.498423   \n",
      "30     104.0     100.0        0.788416        0.637329     0.105792   \n",
      "\n",
      "    Consumersat  Consumercum_dis  Consumercum_sat  \n",
      "22     0.686853         0.313147         0.686853  \n",
      "23     0.898569         0.414579         1.585421  \n",
      "24     0.680831         0.733747         2.266253  \n",
      "25     0.501577         1.232170         2.767830  \n",
      "30     0.894208         1.337962         3.662038  \n",
      "=========================================================\n",
      "    Consumer  Producer  Consumerrating  Producerrating  Consumerdis  \\\n",
      "8      104.0     101.0        0.387923        0.606555     0.306038   \n",
      "9      104.0     101.0        0.512006        0.640940     0.243997   \n",
      "28     104.0     101.0        0.180230        0.281066     0.409885   \n",
      "\n",
      "    Consumersat  Consumercum_dis  Consumercum_sat  \n",
      "8      0.693962         0.306038         0.693962  \n",
      "9      0.756003         0.550035         1.449965  \n",
      "28     0.590115         0.959920         2.040080  \n",
      "=========================================================\n",
      "    Consumer  Producer  Consumerrating  Producerrating  Consumerdis  \\\n",
      "12     104.0     102.0        0.995745        0.996741     0.002127   \n",
      "20     104.0     102.0        0.018833        0.548362     0.490583   \n",
      "21     104.0     102.0        0.952067        0.953754     0.023966   \n",
      "27     104.0     102.0        0.908708        0.098494     0.045646   \n",
      "29     104.0     102.0        0.020687        0.927782     0.489656   \n",
      "\n",
      "    Consumersat  Consumercum_dis  Consumercum_sat  \n",
      "12     0.997873         0.002127         0.997873  \n",
      "20     0.509417         0.492711         1.507289  \n",
      "21     0.976034         0.516677         2.483323  \n",
      "27     0.954354         0.562324         3.437676  \n",
      "29     0.510344         1.051980         3.948020  \n",
      "=========================================================\n",
      "    Consumer  Producer  Consumerrating  Producerrating  Consumerdis  \\\n",
      "18     104.0     103.0        0.898279        0.123747     0.050861   \n",
      "26     104.0     103.0        0.570308        0.568253     0.214846   \n",
      "\n",
      "    Consumersat  Consumercum_dis  Consumercum_sat  \n",
      "18     0.949139         0.050861         0.949139  \n",
      "26     0.785154         0.265707         1.734293  \n"
     ]
    },
    {
     "data": {
      "text/html": [
       "<div>\n",
       "<style scoped>\n",
       "    .dataframe tbody tr th:only-of-type {\n",
       "        vertical-align: middle;\n",
       "    }\n",
       "\n",
       "    .dataframe tbody tr th {\n",
       "        vertical-align: top;\n",
       "    }\n",
       "\n",
       "    .dataframe thead th {\n",
       "        text-align: right;\n",
       "    }\n",
       "</style>\n",
       "<table border=\"1\" class=\"dataframe\">\n",
       "  <thead>\n",
       "    <tr style=\"text-align: right;\">\n",
       "      <th></th>\n",
       "      <th>Consumer</th>\n",
       "      <th>Producer</th>\n",
       "      <th>Consumerrating</th>\n",
       "      <th>Producerrating</th>\n",
       "      <th>Consumerdis</th>\n",
       "      <th>Consumersat</th>\n",
       "      <th>Consumercum_dis</th>\n",
       "      <th>Consumercum_sat</th>\n",
       "    </tr>\n",
       "  </thead>\n",
       "  <tbody>\n",
       "    <tr>\n",
       "      <th>0</th>\n",
       "      <td>101.0</td>\n",
       "      <td>100.0</td>\n",
       "      <td>0.581034</td>\n",
       "      <td>0.632040</td>\n",
       "      <td>0.209483</td>\n",
       "      <td>0.790517</td>\n",
       "      <td>0.209483</td>\n",
       "      <td>0.790517</td>\n",
       "    </tr>\n",
       "    <tr>\n",
       "      <th>1</th>\n",
       "      <td>101.0</td>\n",
       "      <td>100.0</td>\n",
       "      <td>0.931562</td>\n",
       "      <td>0.889708</td>\n",
       "      <td>0.034219</td>\n",
       "      <td>0.965781</td>\n",
       "      <td>0.243702</td>\n",
       "      <td>1.756298</td>\n",
       "    </tr>\n",
       "    <tr>\n",
       "      <th>2</th>\n",
       "      <td>101.0</td>\n",
       "      <td>100.0</td>\n",
       "      <td>0.303260</td>\n",
       "      <td>0.626247</td>\n",
       "      <td>0.348370</td>\n",
       "      <td>0.651630</td>\n",
       "      <td>0.592072</td>\n",
       "      <td>2.407928</td>\n",
       "    </tr>\n",
       "    <tr>\n",
       "      <th>3</th>\n",
       "      <td>102.0</td>\n",
       "      <td>100.0</td>\n",
       "      <td>0.198118</td>\n",
       "      <td>0.881095</td>\n",
       "      <td>0.400941</td>\n",
       "      <td>0.599059</td>\n",
       "      <td>0.400941</td>\n",
       "      <td>0.599059</td>\n",
       "    </tr>\n",
       "    <tr>\n",
       "      <th>4</th>\n",
       "      <td>102.0</td>\n",
       "      <td>100.0</td>\n",
       "      <td>0.037836</td>\n",
       "      <td>0.827647</td>\n",
       "      <td>0.481082</td>\n",
       "      <td>0.518918</td>\n",
       "      <td>0.882023</td>\n",
       "      <td>1.117977</td>\n",
       "    </tr>\n",
       "    <tr>\n",
       "      <th>5</th>\n",
       "      <td>102.0</td>\n",
       "      <td>100.0</td>\n",
       "      <td>0.862874</td>\n",
       "      <td>0.950229</td>\n",
       "      <td>0.068563</td>\n",
       "      <td>0.931437</td>\n",
       "      <td>0.950586</td>\n",
       "      <td>2.049414</td>\n",
       "    </tr>\n",
       "    <tr>\n",
       "      <th>6</th>\n",
       "      <td>102.0</td>\n",
       "      <td>100.0</td>\n",
       "      <td>0.432669</td>\n",
       "      <td>0.057039</td>\n",
       "      <td>0.283665</td>\n",
       "      <td>0.716335</td>\n",
       "      <td>1.234252</td>\n",
       "      <td>2.765748</td>\n",
       "    </tr>\n",
       "    <tr>\n",
       "      <th>7</th>\n",
       "      <td>102.0</td>\n",
       "      <td>100.0</td>\n",
       "      <td>0.905234</td>\n",
       "      <td>0.363332</td>\n",
       "      <td>0.047383</td>\n",
       "      <td>0.952617</td>\n",
       "      <td>1.281635</td>\n",
       "      <td>3.718365</td>\n",
       "    </tr>\n",
       "    <tr>\n",
       "      <th>8</th>\n",
       "      <td>102.0</td>\n",
       "      <td>100.0</td>\n",
       "      <td>0.913184</td>\n",
       "      <td>0.654069</td>\n",
       "      <td>0.043408</td>\n",
       "      <td>0.956592</td>\n",
       "      <td>1.325043</td>\n",
       "      <td>4.674957</td>\n",
       "    </tr>\n",
       "    <tr>\n",
       "      <th>9</th>\n",
       "      <td>102.0</td>\n",
       "      <td>100.0</td>\n",
       "      <td>0.813571</td>\n",
       "      <td>0.035295</td>\n",
       "      <td>0.093215</td>\n",
       "      <td>0.906785</td>\n",
       "      <td>1.418257</td>\n",
       "      <td>5.581743</td>\n",
       "    </tr>\n",
       "    <tr>\n",
       "      <th>10</th>\n",
       "      <td>102.0</td>\n",
       "      <td>101.0</td>\n",
       "      <td>0.559733</td>\n",
       "      <td>0.356391</td>\n",
       "      <td>0.220134</td>\n",
       "      <td>0.779866</td>\n",
       "      <td>0.220134</td>\n",
       "      <td>0.779866</td>\n",
       "    </tr>\n",
       "    <tr>\n",
       "      <th>11</th>\n",
       "      <td>102.0</td>\n",
       "      <td>101.0</td>\n",
       "      <td>0.021283</td>\n",
       "      <td>0.346929</td>\n",
       "      <td>0.489359</td>\n",
       "      <td>0.510641</td>\n",
       "      <td>0.709492</td>\n",
       "      <td>1.290508</td>\n",
       "    </tr>\n",
       "    <tr>\n",
       "      <th>12</th>\n",
       "      <td>102.0</td>\n",
       "      <td>101.0</td>\n",
       "      <td>0.518001</td>\n",
       "      <td>0.661965</td>\n",
       "      <td>0.240999</td>\n",
       "      <td>0.759001</td>\n",
